2160
-0.570634
0.509217
-0.092705
0.622446
0.678085
-0.4009
0.707
-0.5826
0.0
0.909217
0.0
0.622446
0.321915
-0.4009
0.707
-0.5826
-0.352671
0.509217
-0.242705
0.532953
0.659468
-0.4009
0.707
-0.5826
0.0
0.509217
-0.3
0.268673
0.372926
0.1289
0.595
-0.7933
0.0
0.909217
0.0
0.445559
0.678085
0.1289
0.595
-0.7933
0.352671
0.509217
-0.242705
0.356067
0.340532
0.1289
0.595
-0.7933
-0.570634
0.509217
0.092705
0.041905
0.909589
-0.574
0.8189
0.0
0.0
0.909217
0.0
0.268673
0.640637
-0.574
0.8189
0.0
-0.570634
0.509217
-0.092705
0.0
0.869122
-0.574
0.8189
0.0
-0.352671
0.509217
0.242705
0.121337
0.955943
-0.4009
0.707
0.5826
0.0
0.909217
0.0
0.268673
0.640637
-0.4009
0.707
0.5826
-0.570634
0.509217
0.092705
0.041905
0.909589
-0.4009
0.707
0.5826
-0.0
0.509217
0.3
0.207954
0.990476
-0.1289
0.595
0.7933
0.0
0.909217
0.0
0.268673
0.640637
-0.1289
0.595
0.7933
-0.352671
0.509217
0.242705
0.121337
0.955943
-0.1289
0.595
0.7933
0.352671
0.509217
0.242705
0.268673
1.0
0.1289
0.595
0.7933
0.0
0.909217
0.0
0.268673
0.640637
0.1289
0.595
0.7933
-0.0
0.509217
0.3
0.207954
0.990476
0.1289
0.595
0.7933
0.570634
0.509217
0.092705
0.08473
0.621067
0.4009
0.707
0.5826
0.0
0.909217
0.0
0.177199
0.291855
0.4009
0.707
0.5826
0.352671
0.509217
0.242705
0.0
0.593947
0.4009
0.707
0.5826
0.570634
0.509217
-0.092705
0.177199
0.640637
0.574
0.8189
0.0
0.0
0.909217
0.0
0.177199
0.291855
0.574
0.8189
0.0
0.570634
0.509217
0.092705
0.08473
0.621067
0.574
0.8189
0.0
-0.352671
0.509217
-0.242705
0.532953
0.659468
-0.1289
0.595
-0.7933
0.0
0.909217
0.0
0.622446
0.321915
-0.1289
0.595
-0.7933
0.0
0.509217
-0.3
0.445559
0.627074
-0.1289
0.595
-0.7933
0.352671
0.509217
-0.242705
0.356067
0.340532
0.4009
0.707
-0.5826
0.0
0.909217
0.0
0.445559
0.678085
0.4009
0.707
-0.5826
0.570634
0.509217
-0.092705
0.445559
0.321915
0.4009
0.707
-0.5826
0.352671
0.509217
0.242705
0.50922
0.96926
0.0
-1.0
0.0
0.0
0.509217
-0.3
0.268673
0.789304
0.0
-1.0
0.0
0.352671
0.509217
-0.242705
0.268673
0.888781
0.0
-1.0
0.0
0.0
0.396674
-0.3
0.177199
0.640637
0.309
0.0
-0.9511
0.176336
0.396674
-0.242705
0.231972
0.640332
0.309
0.0
-0.9511
0.176336
0.196674
-0.242705
0.231972
0.483507
0.309
0.0
-0.9511
0.176336
0.396674
-0.242705
0.728981
1.0
0.809
0.0
-0.5878
0.285317
0.396674
-0.092705
0.722872
0.927633
0.809
0.0
-0.5878
0.285317
0.196674
-0.092705
0.568338
0.926301
0.809
0.0
-0.5878
0.285317
0.396674
-0.092705
0.722872
0.927633
1.0
0.0
0.0
0.285317
0.396674
0.092705
0.720538
0.830459
1.0
0.0
0.0
0.285317
0.196674
0.092705
0.566005
0.829126
1.0
0.0
0.0
0.285317
0.396674
0.092705
0.720538
0.830459
0.809
0.0
0.5878
0.176336
0.396674
0.242705
0.722872
0.745594
0.809
0.0
0.5878
0.176336
0.196674
0.242705
0.568339
0.744261
0.809
0.0
0.5878
0.176336
0.396674
0.242705
0.722872
0.745594
0.309
0.0
0.9511
-0.0
0.396674
0.3
0.728981
0.705454
0.309
0.0
0.9511
-0.0
0.196674
0.3
0.574448
0.704121
0.309
0.0
0.9511
-0.0
0.396674
0.3
0.176927
0.134725
-0.309
0.0
0.9511
-0.176336
0.396674
0.242705
0.122155
0.135031
-0.309
0.0
0.9511
-0.176336
0.196674
0.242705
0.122155
0.291855
-0.309
0.0
0.9511
-0.176336
0.396674
0.242705
0.122155
0.135031
-0.809
0.0
0.5878
-0.285317
0.396674
0.092705
0.054575
0.123797
-0.809
0.0
0.5878
-0.285317
0.196674
0.092705
0.054575
0.280621
-0.809
0.0
0.5878
-0.285317
0.396674
0.092705
0.054575
0.123797
-1.0
0.0
0.0
-0.285317
0.396674
-0.092705
0.0
0.105314
-1.0
0.0
0.0
-0.285317
0.196674
-0.092705
0.0
0.262138
-1.0
0.0
0.0
0.176336
0.396674
-0.242705
0.757374
0.96926
0.0
1.0
-0.0
0.0
0.396674
-0.3
0.803314
1.0
0.0
1.0
-0.0
-0.176335
0.396674
-0.242705
0.849255
0.96926
0.0
1.0
-0.0
-0.176335
0.396674
-0.242705
0.840195
0.521261
-0.309
0.0
-0.9511
0.0
0.396674
-0.3
0.785422
0.520956
-0.309
0.0
-0.9511
0.0
0.196674
-0.3
0.785422
0.67778
-0.309
0.0
-0.9511
-0.285317
0.396674
-0.092705
0.907775
0.510027
-0.809
0.0
-0.5878
-0.176335
0.396674
-0.242705
0.840195
0.521261
-0.809
0.0
-0.5878
-0.176335
0.196674
-0.242705
0.840195
0.678085
-0.809
0.0
-0.5878
0.0
0.196674
-0.3
0.845445
0.060292
0.0
-1.0
0.0
0.176336
0.196674
-0.242705
0.799505
0.091032
0.0
-1.0
0.0
0.285317
0.196674
-0.092705
0.771112
0.171511
0.0
-1.0
0.0
0.0
0.1
-0.3
0.177199
0.483507
0.309
0.0
-0.9511
0.176336
0.1
-0.242705
0.231972
0.483202
0.309
0.0
-0.9511
0.176336
-0.1
-0.242705
0.231972
0.326378
0.309
0.0
-0.9511
0.176336
0.1
-0.242705
0.785422
0.678085
0.809
0.0
-0.5878
0.285317
0.1
-0.092705
0.779313
0.605718
0.809
0.0
-0.5878
0.285317
-0.1
-0.092705
0.624779
0.604386
0.809
0.0
-0.5878
0.285317
0.1
-0.092705
0.779313
0.605718
1.0
0.0
0.0
0.285317
0.1
0.092705
0.776979
0.508544
1.0
0.0
0.0
0.285317
-0.1
0.092705
0.622446
0.507211
1.0
0.0
0.0
0.285317
0.1
0.092705
0.776979
0.508544
0.809
0.0
0.5878
0.176336
0.1
0.242705
0.779313
0.423679
0.809
0.0
0.5878
0.176336
-0.1
0.242705
0.62478
0.422346
0.809
0.0
0.5878
0.176336
0.1
0.242705
0.779313
0.423679
0.309
0.0
0.9511
-0.0
0.1
0.3
0.785422
0.383539
0.309
0.0
0.9511
-0.0
-0.1
0.3
0.630889
0.382206
0.309
0.0
0.9511
-0.0
0.1
0.3
0.594266
0.164785
-0.309
0.0
0.9511
-0.176336
0.1
0.242705
0.539494
0.165091
-0.309
0.0
0.9511
-0.176336
-0.1
0.242705
0.539494
0.321915
-0.309
0.0
0.9511
-0.176336
0.1
0.242705
0.539494
0.165091
-0.809
0.0
0.5878
-0.285317
0.1
0.092705
0.471914
0.153857
-0.809
0.0
0.5878
-0.285317
-0.1
0.092705
0.471914
0.310681
-0.809
0.0
0.5878
-0.285317
0.1
0.092705
0.471914
0.153857
-1.0
0.0
0.0
-0.285317
0.1
-0.092705
0.417339
0.135374
-1.0
0.0
0.0
-0.285317
-0.1
-0.092705
0.417339
0.292198
-1.0
0.0
0.0
0.176336
0.1
-0.242705
0.650838
0.351466
0.0
1.0
-0.0
0.0
0.1
-0.3
0.696779
0.382206
0.0
1.0
-0.0
-0.176335
0.1
-0.242705
0.742719
0.351466
0.0
1.0
-0.0
-0.176335
0.1
-0.242705
0.93242
0.843176
-0.309
0.0
-0.9511
0.0
0.1
-0.3
0.877647
0.84287
-0.309
0.0
-0.9511
0.0
-0.1
-0.3
0.877647
0.999695
-0.309
0.0
-0.9511
-0.285317
0.1
-0.092705
1.0
0.831942
-0.809
0.0
-0.5878
-0.176335
0.1
-0.242705
0.93242
0.843176
-0.809
0.0
-0.5878
-0.176335
-0.1
-0.242705
0.93242
1.0
-0.809
0.0
-0.5878
0.0
-0.1
-0.3
0.343006
0.0
0.0
-1.0
0.0
0.176336
-0.1
-0.242705
0.297065
0.03074
0.0
-1.0
0.0
0.285317
-0.1
-0.092705
0.268673
0.111219
0.0
-1.0
0.0
0.352671
0.509217
-0.242705
0.268673
0.888781
0.0
-1.0
0.0
0.570634
0.509217
-0.092705
0.325458
0.96926
0.0
-1.0
0.0
0.570634
0.509217
0.092705
0.417339
1.0
0.0
-1.0
0.0
-0.352671
0.509217
0.242705
0.566005
0.789304
0.0
-1.0
0.0
-0.570634
0.509217
0.092705
0.50922
0.708825
0.0
-1.0
0.0
-0.570634
0.509217
-0.092705
0.417339
0.678085
0.0
-1.0
0.0
-0.352671
0.509217
0.242705
0.566005
0.789304
0.0
-1.0
0.0
-0.352671
0.509217
-0.242705
0.325458
0.708825
0.0
-1.0
0.0
-0.0
0.509217
0.3
0.566005
0.888781
0.0
-1.0
0.0
0.352671
0.509217
0.242705
0.50922
0.96926
0.0
-1.0
0.0
0.352671
0.509217
-0.242705
0.268673
0.888781
0.0
-1.0
0.0
0.570634
0.509217
0.092705
0.417339
1.0
0.0
-1.0
0.0
0.176336
0.196674
-0.242705
0.574448
0.998667
0.809
0.0
-0.5878
0.176336
0.396674
-0.242705
0.728981
1.0
0.809
0.0
-0.5878
0.285317
0.196674
-0.092705
0.568338
0.926301
0.809
0.0
-0.5878
-0.352671
0.509217
-0.242705
0.325458
0.708825
0.0
-1.0
0.0
0.0
0.509217
-0.3
0.268673
0.789304
0.0
-1.0
0.0
-0.0
0.509217
0.3
0.566005
0.888781
0.0
-1.0
0.0
0.0
0.196674
-0.3
0.177199
0.483813
0.309
0.0
-0.9511
0.0
0.396674
-0.3
0.177199
0.640637
0.309
0.0
-0.9511
0.176336
0.196674
-0.242705
0.231972
0.483507
0.309
0.0
-0.9511
0.0
0.509217
-0.3
0.268673
0.789304
0.0
-1.0
0.0
0.352671
0.509217
0.242705
0.50922
0.96926
0.0
-1.0
0.0
-0.0
0.509217
0.3
0.566005
0.888781
0.0
-1.0
0.0
-0.352671
0.509217
0.242705
0.566005
0.789304
0.0
-1.0
0.0
-0.570634
0.509217
-0.092705
0.417339
0.678085
0.0
-1.0
0.0
-0.352671
0.509217
-0.242705
0.325458
0.708825
0.0
-1.0
0.0
0.285317
0.196674
-0.092705
0.568338
0.926301
1.0
0.0
0.0
0.285317
0.396674
-0.092705
0.722872
0.927633
1.0
0.0
0.0
0.285317
0.196674
0.092705
0.566005
0.829126
1.0
0.0
0.0
0.285317
0.196674
0.092705
0.566005
0.829126
0.809
0.0
0.5878
0.285317
0.396674
0.092705
0.720538
0.830459
0.809
0.0
0.5878
0.176336
0.196674
0.242705
0.568339
0.744261
0.809
0.0
0.5878
0.176336
0.196674
0.242705
0.568339
0.744261
0.309
0.0
0.9511
0.176336
0.396674
0.242705
0.722872
0.745594
0.309
0.0
0.9511
-0.0
0.196674
0.3
0.574448
0.704121
0.309
0.0
0.9511
-0.0
0.196674
0.3
0.176927
0.291549
-0.309
0.0
0.9511
-0.0
0.396674
0.3
0.176927
0.134725
-0.309
0.0
0.9511
-0.176336
0.196674
0.242705
0.122155
0.291855
-0.309
0.0
0.9511
-0.176336
0.196674
0.242705
0.122155
0.291855
-0.809
0.0
0.5878
-0.176336
0.396674
0.242705
0.122155
0.135031
-0.809
0.0
0.5878
-0.285317
0.196674
0.092705
0.054575
0.280621
-0.809
0.0
0.5878
-0.285317
0.196674
0.092705
0.054575
0.280621
-1.0
0.0
0.0
-0.285317
0.396674
0.092705
0.054575
0.123797
-1.0
0.0
0.0
-0.285317
0.196674
-0.092705
0.0
0.262138
-1.0
0.0
0.0
0.285317
0.396674
0.092705
0.728981
0.789304
0.0
1.0
-0.0
0.285317
0.396674
-0.092705
0.728981
0.888781
0.0
1.0
-0.0
0.176336
0.396674
-0.242705
0.757374
0.96926
0.0
1.0
-0.0
-0.0
0.396674
0.3
0.803314
0.678085
0.0
1.0
-0.0
0.176336
0.396674
0.242705
0.757374
0.708825
0.0
1.0
-0.0
0.285317
0.396674
0.092705
0.728981
0.789304
0.0
1.0
-0.0
-0.285317
0.396674
0.092705
0.877647
0.789304
0.0
1.0
-0.0
-0.176336
0.396674
0.242705
0.849255
0.708825
0.0
1.0
-0.0
-0.0
0.396674
0.3
0.803314
0.678085
0.0
1.0
-0.0
-0.176335
0.396674
-0.242705
0.849255
0.96926
0.0
1.0
-0.0
-0.285317
0.396674
-0.092705
0.877647
0.888781
0.0
1.0
-0.0
-0.285317
0.396674
0.092705
0.877647
0.789304
0.0
1.0
-0.0
-0.176335
0.196674
-0.242705
0.840195
0.678085
-0.309
0.0
-0.9511
-0.176335
0.396674
-0.242705
0.840195
0.521261
-0.309
0.0
-0.9511
0.0
0.196674
-0.3
0.785422
0.67778
-0.309
0.0
-0.9511
-0.0
0.396674
0.3
0.803314
0.678085
0.0
1.0
-0.0
0.285317
0.396674
0.092705
0.728981
0.789304
0.0
1.0
-0.0
0.176336
0.396674
-0.242705
0.757374
0.96926
0.0
1.0
-0.0
-0.176335
0.396674
-0.242705
0.849255
0.96926
0.0
1.0
-0.0
-0.285317
0.396674
0.092705
0.877647
0.789304
0.0
1.0
-0.0
-0.0
0.396674
0.3
0.803314
0.678085
0.0
1.0
-0.0
0.176336
0.396674
-0.242705
0.757374
0.96926
0.0
1.0
-0.0
-0.176335
0.396674
-0.242705
0.849255
0.96926
0.0
1.0
-0.0
-0.0
0.396674
0.3
0.803314
0.678085
0.0
1.0
-0.0
-0.285317
0.196674
-0.092705
0.907775
0.666851
-0.809
0.0
-0.5878
-0.285317
0.396674
-0.092705
0.907775
0.510027
-0.809
0.0
-0.5878
-0.176335
0.196674
-0.242705
0.840195
0.678085
-0.809
0.0
-0.5878
-0.285317
0.196674
-0.092705
0.919778
0.171511
0.0
-1.0
0.0
-0.176335
0.196674
-0.242705
0.891385
0.091032
0.0
-1.0
0.0
0.0
0.196674
-0.3
0.845445
0.060292
0.0
-1.0
0.0
-0.176336
0.196674
0.242705
0.891385
0.351466
0.0
-1.0
0.0
-0.285317
0.196674
0.092705
0.919778
0.270988
0.0
-1.0
0.0
-0.285317
0.196674
-0.092705
0.919778
0.171511
0.0
-1.0
0.0
0.176336
0.196674
0.242705
0.799505
0.351466
0.0
-1.0
0.0
-0.0
0.196674
0.3
0.845445
0.382206
0.0
-1.0
0.0
-0.176336
0.196674
0.242705
0.891385
0.351466
0.0
-1.0
0.0
0.285317
0.196674
-0.092705
0.771112
0.171511
0.0
-1.0
0.0
0.285317
0.196674
0.092705
0.771112
0.270988
0.0
-1.0
0.0
0.176336
0.196674
0.242705
0.799505
0.351466
0.0
-1.0
0.0
0.0
-0.1
-0.3
0.177199
0.326683
0.309
0.0
-0.9511
0.0
0.1
-0.3
0.177199
0.483507
0.309
0.0
-0.9511
0.176336
-0.1
-0.242705
0.231972
0.326378
0.309
0.0
-0.9511
-0.176336
0.196674
0.242705
0.891385
0.351466
0.0
-1.0
0.0
-0.285317
0.196674
-0.092705
0.919778
0.171511
0.0
-1.0
0.0
0.0
0.196674
-0.3
0.845445
0.060292
0.0
-1.0
0.0
-0.176336
0.196674
0.242705
0.891385
0.351466
0.0
-1.0
0.0
0.0
0.196674
-0.3
0.845445
0.060292
0.0
-1.0
0.0
0.176336
0.196674
0.242705
0.799505
0.351466
0.0
-1.0
0.0
0.176336
-0.1
-0.242705
0.630889
0.676753
0.809
0.0
-0.5878
0.176336
0.1
-0.242705
0.785422
0.678085
0.809
0.0
-0.5878
0.285317
-0.1
-0.092705
0.624779
0.604386
0.809
0.0
-0.5878
0.0
0.196674
-0.3
0.845445
0.060292
0.0
-1.0
0.0
0.285317
0.196674
-0.092705
0.771112
0.171511
0.0
-1.0
0.0
0.176336
0.196674
0.242705
0.799505
0.351466
0.0
-1.0
0.0
0.285317
-0.1
-0.092705
0.624779
0.604386
1.0
0.0
0.0
0.285317
0.1
-0.092705
0.779313
0.605718
1.0
0.0
0.0
0.285317
-0.1
0.092705
0.622446
0.507211
1.0
0.0
0.0
0.285317
-0.1
0.092705
0.622446
0.507211
0.809
0.0
0.5878
0.285317
0.1
0.092705
0.776979
0.508544
0.809
0.0
0.5878
0.176336
-0.1
0.242705
0.62478
0.422346
0.809
0.0
0.5878
0.176336
-0.1
0.242705
0.62478
0.422346
0.309
0.0
0.9511
0.176336
0.1
0.242705
0.779313
0.423679
0.309
0.0
0.9511
-0.0
-0.1
0.3
0.630889
0.382206
0.309
0.0
0.9511
-0.0
-0.1
0.3
0.594266
0.321609
-0.309
0.0
0.9511
-0.0
0.1
0.3
0.594266
0.164785
-0.309
0.0
0.9511
-0.176336
-0.1
0.242705
0.539494
0.321915
-0.309
0.0
0.9511
-0.176336
-0.1
0.242705
0.539494
0.321915
-0.809
0.0
0.5878
-0.176336
0.1
0.242705
0.539494
0.165091
-0.809
0.0
0.5878
-0.285317
-0.1
0.092705
0.471914
0.310681
-0.809
0.0
0.5878
-0.285317
-0.1
0.092705
0.471914
0.310681
-1.0
0.0
0.0
-0.285317
0.1
0.092705
0.471914
0.153857
-1.0
0.0
0.0
-0.285317
-0.1
-0.092705
0.417339
0.292198
-1.0
0.0
0.0
0.285317
0.1
0.092705
0.622446
0.171511
0.0
1.0
-0.0
0.285317
0.1
-0.092705
0.622446
0.270988
0.0
1.0
-0.0
0.176336
0.1
-0.242705
0.650838
0.351466
0.0
1.0
-0.0
-0.0
0.1
0.3
0.696779
0.060292
0.0
1.0
-0.0
0.176336
0.1
0.242705
0.650839
0.091032
0.0
1.0
-0.0
0.285317
0.1
0.092705
0.622446
0.171511
0.0
1.0
-0.0
-0.285317
0.1
0.092705
0.771112
0.171511
0.0
1.0
-0.0
-0.176336
0.1
0.242705
0.742719
0.091032
0.0
1.0
-0.0
-0.0
0.1
0.3
0.696779
0.060292
0.0
1.0
-0.0
-0.176335
0.1
-0.242705
0.742719
0.351466
0.0
1.0
-0.0
-0.285317
0.1
-0.092705
0.771112
0.270988
0.0
1.0
-0.0
-0.285317
0.1
0.092705
0.771112
0.171511
0.0
1.0
-0.0
-0.176335
-0.1
-0.242705
0.93242
1.0
-0.309
0.0
-0.9511
-0.176335
0.1
-0.242705
0.93242
0.843176
-0.309
0.0
-0.9511
0.0
-0.1
-0.3
0.877647
0.999695
-0.309
0.0
-0.9511
-0.0
0.1
0.3
0.696779
0.060292
0.0
1.0
-0.0
0.285317
0.1
0.092705
0.622446
0.171511
0.0
1.0
-0.0
0.176336
0.1
-0.242705
0.650838
0.351466
0.0
1.0
-0.0
-0.176335
0.1
-0.242705
0.742719
0.351466
0.0
1.0
-0.0
-0.285317
0.1
0.092705
0.771112
0.171511
0.0
1.0
-0.0
-0.0
0.1
0.3
0.696779
0.060292
0.0
1.0
-0.0
0.176336
0.1
-0.242705
0.650838
0.351466
0.0
1.0
-0.0
-0.176335
0.1
-0.242705
0.742719
0.351466
0.0
1.0
-0.0
-0.0
0.1
0.3
0.696779
0.060292
0.0
1.0
-0.0
-0.285317
-0.1
-0.092705
1.0
0.988766
-0.809
0.0
-0.5878
-0.285317
0.1
-0.092705
1.0
0.831942
-0.809
0.0
-0.5878
-0.176335
-0.1
-0.242705
0.93242
1.0
-0.809
0.0
-0.5878
-0.285317
-0.1
-0.092705
0.417339
0.111219
0.0
-1.0
0.0
-0.176335
-0.1
-0.242705
0.388946
0.03074
0.0
-1.0
0.0
0.0
-0.1
-0.3
0.343006
0.0
0.0
-1.0
0.0
-0.176336
-0.1
0.242705
0.388946
0.291175
0.0
-1.0
0.0
-0.285317
-0.1
0.092705
0.417339
0.210696
0.0
-1.0
0.0
-0.285317
-0.1
-0.092705
0.417339
0.111219
0.0
-1.0
0.0
0.176336
-0.1
0.242705
0.297065
0.291175
0.0
-1.0
0.0
-0.0
-0.1
0.3
0.343006
0.321915
0.0
-1.0
0.0
-0.176336
-0.1
0.242705
0.388946
0.291175
0.0
-1.0
0.0
0.285317
-0.1
-0.092705
0.268673
0.111219
0.0
-1.0
0.0
0.285317
-0.1
0.092705
0.268673
0.210696
0.0
-1.0
0.0
0.176336
-0.1
0.242705
0.297065
0.291175
0.0
-1.0
0.0
-0.176336
-0.1
0.242705
0.388946
0.291175
0.0
-1.0
0.0
-0.285317
-0.1
-0.092705
0.417339
0.111219
0.0
-1.0
0.0
0.0
-0.1
-0.3
0.343006
0.0
0.0
-1.0
0.0
-0.176336
-0.1
0.242705
0.388946
0.291175
0.0
-1.0
0.0
0.0
-0.1
-0.3
0.343006
0.0
0.0
-1.0
0.0
0.176336
-0.1
0.242705
0.297065
0.291175
0.0
-1.0
0.0
0.0
-0.1
-0.3
0.343006
0.0
0.0
-1.0
0.0
0.285317
-0.1
-0.092705
0.268673
0.111219
0.0
-1.0
0.0
0.176336
-0.1
0.242705
0.297065
0.291175
0.0
-1.0
0.0
