288
0.5
-0.5
0.495759
1.0
0.0
0.0
-1.0
0.0
-0.5
-0.5
0.495759
1.0
1.0
0.0
-1.0
0.0
-0.5
-0.5
-0.504241
0.0
1.0
0.0
-1.0
0.0
-0.5
0.5
-0.504241
1.0
0.0
0.0
1.0
0.0
-0.5
0.5
0.495759
1.0
1.0
0.0
1.0
0.0
0.5
0.5
0.495759
0.0
1.0
0.0
1.0
0.0
0.5
-0.5
-0.504241
0.0
0.0
1.0
-0.0
0.0
0.5
0.5
-0.504241
1.0
0.0
1.0
-0.0
0.0
0.5
0.5
0.495759
1.0
1.0
1.0
-0.0
0.0
0.5
-0.5
0.495759
0.0
0.0
-0.0
-0.0
1.0
0.5
0.5
0.495759
1.0
0.0
-0.0
-0.0
1.0
-0.5
0.5
0.495759
1.0
1.0
-0.0
-0.0
1.0
-0.5
-0.5
0.495759
0.0
0.0
-1.0
-0.0
-0.0
-0.5
0.5
0.495759
1.0
0.0
-1.0
-0.0
-0.0
-0.5
0.5
-0.504241
1.0
1.0
-1.0
-0.0
-0.0
0.5
-0.5
-0.504241
1.0
0.0
0.0
0.0
-1.0
-0.5
-0.5
-0.504241
1.0
1.0
0.0
0.0
-1.0
-0.5
0.5
-0.504241
0.0
1.0
0.0
0.0
-1.0
0.5
-0.5
-0.504241
0.0
0.0
0.0
-1.0
0.0
0.5
-0.5
0.495759
1.0
0.0
0.0
-1.0
0.0
-0.5
-0.5
-0.504241
0.0
1.0
0.0
-1.0
0.0
0.5
0.5
-0.504241
0.0
0.0
0.0
1.0
0.0
-0.5
0.5
-0.504241
1.0
0.0
0.0
1.0
0.0
0.5
0.5
0.495759
0.0
1.0
0.0
1.0
0.0
0.5
-0.5
0.495759
0.0
1.0
1.0
-0.0
0.0
0.5
-0.5
-0.504241
0.0
0.0
1.0
-0.0
0.0
0.5
0.5
0.495759
1.0
1.0
1.0
-0.0
0.0
-0.5
-0.5
0.495759
0.0
1.0
-0.0
-0.0
1.0
0.5
-0.5
0.495759
0.0
0.0
-0.0
-0.0
1.0
-0.5
0.5
0.495759
1.0
1.0
-0.0
-0.0
1.0
-0.5
-0.5
-0.504241
0.0
1.0
-1.0
-0.0
-0.0
-0.5
-0.5
0.495759
0.0
0.0
-1.0
-0.0
-0.0
-0.5
0.5
-0.504241
1.0
1.0
-1.0
-0.0
-0.0
0.5
0.5
-0.504241
0.0
0.0
0.0
0.0
-1.0
0.5
-0.5
-0.504241
1.0
0.0
0.0
0.0
-1.0
-0.5
0.5
-0.504241
0.0
1.0
0.0
0.0
-1.0
