1152
-0.1
2.009013
-0.58794
0.676923
0.6
-1.0
0.0
0.0
-0.1
0.009013
-0.58794
0.830769
0.6
-1.0
0.0
0.0
-0.1
0.009013
-0.38794
0.830769
0.5
-1.0
0.0
0.0
0.1
2.009013
-0.58794
0.676923
0.8
0.0
0.0
-1.0
0.1
0.009013
-0.58794
0.830769
0.8
0.0
0.0
-1.0
-0.1
0.009013
-0.58794
0.830769
0.7
0.0
0.0
-1.0
0.1
2.009013
-0.38794
0.676923
0.9
1.0
0.0
0.0
0.1
0.009013
-0.38794
0.830769
0.9
1.0
0.0
0.0
0.1
0.009013
-0.58794
0.830769
0.8
1.0
0.0
0.0
-0.1
2.009013
-0.38794
0.830769
0.5
0.0
0.0
1.0
-0.1
0.009013
-0.38794
0.830769
0.4
0.0
0.0
1.0
0.1
0.009013
-0.38794
0.676923
0.4
0.0
0.0
1.0
-0.1
0.009013
-0.58794
0.984615
0.5
0.0
-1.0
0.0
0.1
0.009013
-0.58794
0.830769
0.5
0.0
-1.0
0.0
0.1
0.009013
-0.38794
0.830769
0.6
0.0
-1.0
0.0
0.1
2.009013
-0.58794
0.984615
0.9
0.0
1.0
0.0
-0.1
2.009013
-0.58794
0.984615
0.8
0.0
1.0
0.0
-0.1
2.009013
-0.38794
0.830769
0.8
0.0
1.0
0.0
-0.1
2.009013
0.342771
0.830769
0.8
-1.0
0.0
0.0
-0.1
0.009013
0.342771
0.984615
0.8
-1.0
0.0
0.0
-0.1
0.009013
0.542771
0.984615
0.7
-1.0
0.0
0.0
0.1
2.009013
0.342771
0.676923
0.7
0.0
0.0
-1.0
0.1
0.009013
0.342771
0.830769
0.7
0.0
0.0
-1.0
-0.1
0.009013
0.342771
0.830769
0.6
0.0
0.0
-1.0
0.1
2.009013
0.542771
0.830769
1.0
1.0
0.0
0.0
0.1
0.009013
0.542771
0.984615
1.0
1.0
0.0
0.0
0.1
0.009013
0.342771
0.984615
0.9
1.0
0.0
0.0
-0.1
2.009013
0.542771
0.830769
1.0
0.0
0.0
1.0
-0.1
0.009013
0.542771
0.830769
0.9
0.0
0.0
1.0
0.1
0.009013
0.542771
0.676923
0.9
0.0
0.0
1.0
-0.1
0.009013
0.342771
0.830769
0.7
0.0
-1.0
0.0
0.1
0.009013
0.342771
0.984615
0.7
0.0
-1.0
0.0
0.1
0.009013
0.542771
0.984615
0.6
0.0
-1.0
0.0
0.1
2.009013
0.342771
0.984615
0.4
0.0
1.0
0.0
-0.1
2.009013
0.342771
0.830769
0.4
0.0
1.0
0.0
-0.1
2.009013
0.542771
0.830769
0.5
0.0
1.0
0.0
-0.1
1.510538
-1.0
0.646154
1.0
-1.0
0.0
0.0
-0.1
1.310538
-1.0
0.661539
1.0
-1.0
0.0
0.0
-0.1
1.310538
1.0
0.661539
0.0
-1.0
0.0
0.0
0.1
1.510538
-1.0
1.0
0.8
0.0
0.0
-1.0
0.1
1.310538
-1.0
0.984615
0.8
0.0
0.0
-1.0
-0.1
1.310538
-1.0
0.984615
0.9
0.0
0.0
-1.0
0.1
1.510538
1.0
0.615384
1.0
1.0
0.0
0.0
0.1
1.310538
1.0
0.630768
1.0
1.0
0.0
0.0
0.1
1.310538
-1.0
0.630769
0.0
1.0
0.0
0.0
-0.1
1.510538
1.0
1.0
0.7
0.0
0.0
1.0
-0.1
1.310538
1.0
0.984615
0.7
0.0
0.0
1.0
0.1
1.310538
1.0
0.984615
0.8
0.0
0.0
1.0
-0.1
1.310538
-1.0
0.0
1.0
0.0
-1.0
0.0
0.1
1.310538
-1.0
0.153846
1.0
0.0
-1.0
0.0
0.1
1.310538
1.0
0.153846
0.0
0.0
-1.0
0.0
0.1
1.510538
-1.0
0.461538
0.0
0.0
1.0
0.0
-0.1
1.510538
-1.0
0.307692
0.0
0.0
1.0
0.0
-0.1
1.510538
1.0
0.307692
1.0
0.0
1.0
0.0
-0.1
0.9
-1.0
0.661539
1.0
-1.0
0.0
0.0
-0.1
0.7
-1.0
0.676923
1.0
-1.0
0.0
0.0
-0.1
0.699999
1.0
0.676923
0.0
-1.0
0.0
0.0
0.1
0.9
-1.0
1.0
0.6
0.0
0.0
-1.0
0.1
0.7
-1.0
0.984615
0.6
0.0
0.0
-1.0
-0.1
0.7
-1.0
0.984615
0.7
0.0
0.0
-1.0
0.1
0.899999
1.0
0.630768
1.0
1.0
0.0
0.0
0.1
0.699999
1.0
0.646154
1.0
1.0
0.0
0.0
0.1
0.7
-1.0
0.646154
0.0
1.0
0.0
0.0
-0.1
0.899999
1.0
1.0
0.9
0.0
0.0
1.0
-0.1
0.699999
1.0
0.984615
0.9
0.0
0.0
1.0
0.1
0.699999
1.0
0.984615
1.0
0.0
0.0
1.0
-0.1
0.7
-1.0
0.153846
1.0
0.0
-1.0
0.0
0.1
0.7
-1.0
0.307692
1.0
0.0
-1.0
0.0
0.1
0.699999
1.0
0.307692
0.0
0.0
-1.0
0.0
0.1
0.9
-1.0
0.615384
0.0
0.0
1.0
0.0
-0.1
0.9
-1.0
0.461538
0.0
0.0
1.0
0.0
-0.1
0.899999
1.0
0.461538
1.0
0.0
1.0
0.0
-0.1
2.009013
-0.38794
0.676923
0.5
-1.0
0.0
0.0
-0.1
2.009013
-0.58794
0.676923
0.6
-1.0
0.0
0.0
-0.1
0.009013
-0.38794
0.830769
0.5
-1.0
0.0
0.0
-0.1
2.009013
-0.58794
0.676923
0.7
0.0
0.0
-1.0
0.1
2.009013
-0.58794
0.676923
0.8
0.0
0.0
-1.0
-0.1
0.009013
-0.58794
0.830769
0.7
0.0
0.0
-1.0
0.1
2.009013
-0.58794
0.676923
0.8
1.0
0.0
0.0
0.1
2.009013
-0.38794
0.676923
0.9
1.0
0.0
0.0
0.1
0.009013
-0.58794
0.830769
0.8
1.0
0.0
0.0
0.1
2.009013
-0.38794
0.676923
0.5
0.0
0.0
1.0
-0.1
2.009013
-0.38794
0.830769
0.5
0.0
0.0
1.0
0.1
0.009013
-0.38794
0.676923
0.4
0.0
0.0
1.0
-0.1
0.009013
-0.38794
0.984615
0.6
0.0
-1.0
0.0
-0.1
0.009013
-0.58794
0.984615
0.5
0.0
-1.0
0.0
0.1
0.009013
-0.38794
0.830769
0.6
0.0
-1.0
0.0
0.1
2.009013
-0.38794
0.830769
0.9
0.0
1.0
0.0
0.1
2.009013
-0.58794
0.984615
0.9
0.0
1.0
0.0
-0.1
2.009013
-0.38794
0.830769
0.8
0.0
1.0
0.0
-0.1
2.009013
0.542771
0.830769
0.7
-1.0
0.0
0.0
-0.1
2.009013
0.342771
0.830769
0.8
-1.0
0.0
0.0
-0.1
0.009013
0.542771
0.984615
0.7
-1.0
0.0
0.0
-0.1
2.009013
0.342771
0.676923
0.6
0.0
0.0
-1.0
0.1
2.009013
0.342771
0.676923
0.7
0.0
0.0
-1.0
-0.1
0.009013
0.342771
0.830769
0.6
0.0
0.0
-1.0
0.1
2.009013
0.342771
0.830769
0.9
1.0
0.0
0.0
0.1
2.009013
0.542771
0.830769
1.0
1.0
0.0
0.0
0.1
0.009013
0.342771
0.984615
0.9
1.0
0.0
0.0
0.1
2.009013
0.542771
0.676923
1.0
0.0
0.0
1.0
-0.1
2.009013
0.542771
0.830769
1.0
0.0
0.0
1.0
0.1
0.009013
0.542771
0.676923
0.9
0.0
0.0
1.0
-0.1
0.009013
0.542771
0.830769
0.6
0.0
-1.0
0.0
-0.1
0.009013
0.342771
0.830769
0.7
0.0
-1.0
0.0
0.1
0.009013
0.542771
0.984615
0.6
0.0
-1.0
0.0
0.1
2.009013
0.542771
0.984615
0.5
0.0
1.0
0.0
0.1
2.009013
0.342771
0.984615
0.4
0.0
1.0
0.0
-0.1
2.009013
0.542771
0.830769
0.5
0.0
1.0
0.0
-0.1
1.510538
1.0
0.646154
0.0
-1.0
0.0
0.0
-0.1
1.510538
-1.0
0.646154
1.0
-1.0
0.0
0.0
-0.1
1.310538
1.0
0.661539
0.0
-1.0
0.0
0.0
-0.1
1.510538
-1.0
1.0
0.9
0.0
0.0
-1.0
0.1
1.510538
-1.0
1.0
0.8
0.0
0.0
-1.0
-0.1
1.310538
-1.0
0.984615
0.9
0.0
0.0
-1.0
0.1
1.510538
-1.0
0.615384
0.0
1.0
0.0
0.0
0.1
1.510538
1.0
0.615384
1.0
1.0
0.0
0.0
0.1
1.310538
-1.0
0.630769
0.0
1.0
0.0
0.0
0.1
1.510538
1.0
1.0
0.8
0.0
0.0
1.0
-0.1
1.510538
1.0
1.0
0.7
0.0
0.0
1.0
0.1
1.310538
1.0
0.984615
0.8
0.0
0.0
1.0
-0.1
1.310538
1.0
0.0
0.0
0.0
-1.0
0.0
-0.1
1.310538
-1.0
0.0
1.0
0.0
-1.0
0.0
0.1
1.310538
1.0
0.153846
0.0
0.0
-1.0
0.0
0.1
1.510538
1.0
0.461538
1.0
0.0
1.0
0.0
0.1
1.510538
-1.0
0.461538
0.0
0.0
1.0
0.0
-0.1
1.510538
1.0
0.307692
1.0
0.0
1.0
0.0
-0.1
0.899999
1.0
0.661539
0.0
-1.0
0.0
0.0
-0.1
0.9
-1.0
0.661539
1.0
-1.0
0.0
0.0
-0.1
0.699999
1.0
0.676923
0.0
-1.0
0.0
0.0
-0.1
0.9
-1.0
1.0
0.7
0.0
0.0
-1.0
0.1
0.9
-1.0
1.0
0.6
0.0
0.0
-1.0
-0.1
0.7
-1.0
0.984615
0.7
0.0
0.0
-1.0
0.1
0.9
-1.0
0.630769
0.0
1.0
0.0
0.0
0.1
0.899999
1.0
0.630768
1.0
1.0
0.0
0.0
0.1
0.7
-1.0
0.646154
0.0
1.0
0.0
0.0
0.1
0.899999
1.0
1.0
1.0
0.0
0.0
1.0
-0.1
0.899999
1.0
1.0
0.9
0.0
0.0
1.0
0.1
0.699999
1.0
0.984615
1.0
0.0
0.0
1.0
-0.1
0.699999
1.0
0.153846
0.0
0.0
-1.0
0.0
-0.1
0.7
-1.0
0.153846
1.0
0.0
-1.0
0.0
0.1
0.699999
1.0
0.307692
0.0
0.0
-1.0
0.0
0.1
0.899999
1.0
0.615384
1.0
0.0
1.0
0.0
0.1
0.9
-1.0
0.615384
0.0
0.0
1.0
0.0
-0.1
0.899999
1.0
0.461538
1.0
0.0
1.0
0.0
