1920
0.0
-1.0
0.0
0.248707
0.6928
0.1024
-0.9435
0.3151
0.425323
-0.850654
0.309011
0.119092
0.679326
0.1024
-0.9435
0.3151
-0.162456
-0.850654
0.499995
0.203892
0.536898
0.1024
-0.9435
0.3151
0.723607
-0.44722
0.525725
0.0
0.6928
0.7002
-0.6617
0.268
0.425323
-0.850654
0.309011
0.119092
0.679326
0.7002
-0.6617
0.268
0.850648
-0.525736
0.0
0.047749
0.856214
0.7002
-0.6617
0.268
0.0
-1.0
0.0
0.248707
0.6928
-0.268
-0.9435
0.1947
-0.162456
-0.850654
0.499995
0.203892
0.536898
-0.268
-0.9435
0.1947
-0.52573
-0.850652
0.0
0.331147
0.625762
-0.268
-0.9435
0.1947
0.0
-1.0
0.0
0.248707
0.6928
-0.268
-0.9435
-0.1947
-0.52573
-0.850652
0.0
0.331147
0.625762
-0.268
-0.9435
-0.1947
-0.162456
-0.850654
-0.499995
0.324993
0.82311
-0.268
-0.9435
-0.1947
0.0
-1.0
0.0
0.248707
0.6928
0.1024
-0.9435
-0.3151
-0.162456
-0.850654
-0.499995
0.324993
0.82311
0.1024
-0.9435
-0.3151
0.425323
-0.850654
-0.309011
0.193936
0.856213
0.1024
-0.9435
-0.3151
0.723607
-0.44722
0.525725
0.108244
0.093998
0.905
-0.3304
0.268
0.850648
-0.525736
0.0
0.207286
0.0
0.905
-0.3304
0.268
0.951058
0.0
0.309013
0.223598
0.16591
0.905
-0.3304
0.268
-0.276388
-0.44722
0.850649
0.919341
0.153584
0.0247
-0.3304
0.9435
0.262869
-0.525738
0.809012
1.0
0.082506
0.0247
-0.3304
0.9435
0.0
0.0
1.0
0.998936
0.280037
0.0247
-0.3304
0.9435
-0.894426
-0.447216
0.0
0.670791
0.1659
-0.8897
-0.3304
0.3151
-0.688189
-0.525736
0.499997
0.789459
0.146536
-0.8897
-0.3304
0.3151
-0.951058
0.0
0.309013
0.722719
0.326848
-0.8897
-0.3304
0.3151
-0.276388
-0.44722
-0.850649
0.443639
0.093999
-0.5746
-0.3304
-0.7488
-0.688189
-0.525736
-0.499997
0.558994
0.16591
-0.5746
-0.3304
-0.7488
-0.587786
0.0
-0.809017
0.430883
0.26845
-0.5746
-0.3304
-0.7488
0.723607
-0.44722
-0.525725
0.856497
0.997247
0.5346
-0.3304
-0.7779
0.262869
-0.525738
-0.809012
0.730099
0.997247
0.5346
-0.3304
-0.7779
0.587786
0.0
-0.809017
0.793479
0.856507
0.5346
-0.3304
-0.7779
0.723607
-0.44722
0.525725
0.108244
0.093998
0.8026
-0.1256
0.5831
0.951058
0.0
0.309013
0.223598
0.16591
0.8026
-0.1256
0.5831
0.587786
0.0
0.809017
0.095488
0.268448
0.8026
-0.1256
0.5831
-0.276388
-0.44722
0.850649
0.919341
0.153584
-0.3066
-0.1256
0.9435
0.0
0.0
1.0
0.998936
0.280037
-0.3066
-0.1256
0.9435
-0.587786
0.0
0.809017
0.868814
0.319609
-0.3066
-0.1256
0.9435
-0.894426
-0.447216
0.0
0.661592
0.268448
-0.9921
-0.1256
0.0
-0.951058
0.0
0.309013
0.670791
0.434358
-0.9921
-0.1256
0.0
-0.951058
0.0
-0.309013
0.558994
0.370988
-0.9921
-0.1256
0.0
-0.276388
-0.44722
-0.850649
0.443639
0.093999
-0.3066
-0.1256
-0.9435
-0.587786
0.0
-0.809017
0.430883
0.26845
-0.3066
-0.1256
-0.9435
0.0
0.0
-1.0
0.335396
0.165912
-0.3066
-0.1256
-0.9435
0.723607
-0.44722
-0.525725
0.856497
0.997247
0.8026
-0.1256
-0.5831
0.587786
0.0
-0.809017
0.793479
0.856507
0.8026
-0.1256
-0.5831
0.951058
0.0
-0.309013
0.939574
0.863745
0.8026
-0.1256
-0.5831
0.276388
0.44722
0.850649
0.108243
0.442899
0.4089
0.6617
0.6284
0.688189
0.525736
0.499997
0.223598
0.370988
0.4089
0.6617
0.6284
0.162456
0.850654
0.499995
0.207286
0.536898
0.4089
0.6617
0.6284
-0.723607
0.44722
0.525725
0.45848
0.543157
-0.4713
0.6617
0.5831
-0.262869
0.525738
0.809012
0.584798
0.536899
-0.4713
0.6617
0.5831
-0.425323
0.850654
0.309011
0.525083
0.680686
-0.4713
0.6617
0.5831
-0.723607
0.44722
-0.525725
0.331147
0.844097
-0.7002
0.6617
-0.268
-0.850648
0.525736
0.0
0.378897
0.680684
-0.7002
0.6617
-0.268
-0.425323
0.850654
-0.309011
0.450239
0.857573
-0.7002
0.6617
-0.268
0.276388
0.44722
-0.850649
0.742952
0.690482
0.0385
0.6617
-0.7488
-0.262869
0.525738
-0.809012
0.662294
0.619404
0.0385
0.6617
-0.7488
0.162456
0.850654
-0.499995
0.791757
0.536898
0.0385
0.6617
-0.7488
0.894426
0.447216
0.0
0.991503
0.702798
0.724
0.6617
-0.1947
0.688189
0.525736
-0.499997
0.872834
0.683434
0.724
0.6617
-0.1947
0.52573
0.850652
0.0
0.93785
0.544137
0.724
0.6617
-0.1947
-0.162456
-0.850654
0.499995
0.870537
0.0
-0.0385
-0.6617
0.7488
0.262869
-0.525738
0.809012
1.0
0.082506
-0.0385
-0.6617
0.7488
-0.276388
-0.44722
0.850649
0.919341
0.153584
-0.0385
-0.6617
0.7488
-0.162456
-0.850654
0.499995
0.203892
0.536898
0.1876
-0.7947
0.5773
0.425323
-0.850654
0.309011
0.119092
0.679326
0.1876
-0.7947
0.5773
0.262869
-0.525738
0.809012
0.057705
0.536898
0.1876
-0.7947
0.5773
0.425323
-0.850654
0.309011
0.119092
0.679326
0.4713
-0.6617
0.5831
0.723607
-0.44722
0.525725
0.0
0.6928
0.4713
-0.6617
0.5831
0.262869
-0.525738
0.809012
0.057705
0.536898
0.4713
-0.6617
0.5831
0.850648
-0.525736
0.0
0.047749
0.856214
0.7002
-0.6617
-0.268
0.425323
-0.850654
-0.309011
0.193936
0.856213
0.7002
-0.6617
-0.268
0.723607
-0.44722
-0.525725
0.127333
0.993741
0.7002
-0.6617
-0.268
0.850648
-0.525736
0.0
0.047749
0.856214
0.6071
-0.7947
0.0
0.425323
-0.850654
0.309011
0.119092
0.679326
0.6071
-0.7947
0.0
0.425323
-0.850654
-0.309011
0.193936
0.856213
0.6071
-0.7947
0.0
0.425323
-0.850654
0.309011
0.119092
0.679326
0.3313
-0.9435
0.0
0.0
-1.0
0.0
0.248707
0.6928
0.3313
-0.9435
0.0
0.425323
-0.850654
-0.309011
0.193936
0.856213
0.3313
-0.9435
0.0
-0.52573
-0.850652
0.0
0.724443
0.00724
-0.724
-0.6617
0.1947
-0.688189
-0.525736
0.499997
0.789459
0.146536
-0.724
-0.6617
0.1947
-0.894426
-0.447216
0.0
0.670791
0.1659
-0.724
-0.6617
0.1947
-0.52573
-0.850652
0.0
0.724443
0.00724
-0.4911
-0.7947
0.3568
-0.162456
-0.850654
0.499995
0.870537
0.0
-0.4911
-0.7947
0.3568
-0.688189
-0.525736
0.499997
0.789459
0.146536
-0.4911
-0.7947
0.3568
-0.162456
-0.850654
0.499995
0.870537
0.0
-0.4089
-0.6617
0.6284
-0.276388
-0.44722
0.850649
0.919341
0.153584
-0.4089
-0.6617
0.6284
-0.688189
-0.525736
0.499997
0.789459
0.146536
-0.4089
-0.6617
0.6284
-0.162456
-0.850654
-0.499995
0.542682
0.0
-0.4089
-0.6617
-0.6284
-0.688189
-0.525736
-0.499997
0.558994
0.16591
-0.4089
-0.6617
-0.6284
-0.276388
-0.44722
-0.850649
0.443639
0.093999
-0.4089
-0.6617
-0.6284
-0.162456
-0.850654
-0.499995
0.542682
0.0
-0.4911
-0.7947
-0.3568
-0.52573
-0.850652
0.0
0.670791
0.102538
-0.4911
-0.7947
-0.3568
-0.688189
-0.525736
-0.499997
0.558994
0.16591
-0.4911
-0.7947
-0.3568
-0.52573
-0.850652
0.0
0.670791
0.102538
-0.724
-0.6617
-0.1947
-0.894426
-0.447216
0.0
0.661592
0.268448
-0.724
-0.6617
-0.1947
-0.688189
-0.525736
-0.499997
0.558994
0.16591
-0.724
-0.6617
-0.1947
0.425323
-0.850654
-0.309011
0.193936
0.856213
0.4713
-0.6617
-0.5831
0.262869
-0.525738
-0.809012
0.253651
1.0
0.4713
-0.6617
-0.5831
0.723607
-0.44722
-0.525725
0.127333
0.993741
0.4713
-0.6617
-0.5831
0.425323
-0.850654
-0.309011
0.193936
0.856213
0.1876
-0.7947
-0.5773
-0.162456
-0.850654
-0.499995
0.324993
0.82311
0.1876
-0.7947
-0.5773
0.262869
-0.525738
-0.809012
0.253651
1.0
0.1876
-0.7947
-0.5773
-0.162456
-0.850654
-0.499995
0.542682
0.0
-0.0385
-0.6617
-0.7488
-0.276388
-0.44722
-0.850649
0.443639
0.093999
-0.0385
-0.6617
-0.7488
0.262869
-0.525738
-0.809012
0.404492
0.0
-0.0385
-0.6617
-0.7488
0.951058
0.0
0.309013
0.223598
0.16591
0.9921
0.1256
0.0
0.951058
0.0
-0.309013
0.335396
0.10254
0.9921
0.1256
0.0
0.894426
0.447216
0.0
0.326196
0.26845
0.9921
0.1256
0.0
0.951058
0.0
0.309013
0.223598
0.16591
0.9822
-0.1876
0.0
0.850648
-0.525736
0.0
0.207286
0.0
0.9822
-0.1876
0.0
0.951058
0.0
-0.309013
0.335396
0.10254
0.9822
-0.1876
0.0
0.850648
-0.525736
0.0
0.047749
0.856214
0.905
-0.3304
-0.268
0.723607
-0.44722
-0.525725
0.127333
0.993741
0.905
-0.3304
-0.268
0.951058
0.0
-0.309013
0.017115
1.0
0.905
-0.3304
-0.268
0.0
0.0
1.0
0.0
0.370986
0.3066
0.1256
0.9435
0.587786
0.0
0.809017
0.095488
0.268448
0.3066
0.1256
0.9435
0.276388
0.44722
0.850649
0.108243
0.442899
0.3066
0.1256
0.9435
0.0
0.0
1.0
0.0
0.370986
0.3035
-0.1876
0.9342
0.262869
-0.525738
0.809012
1e-06
0.165907
0.3035
-0.1876
0.9342
0.587786
0.0
0.809017
0.095488
0.268448
0.3035
-0.1876
0.9342
0.262869
-0.525738
0.809012
1e-06
0.165907
0.5346
-0.3304
0.7779
0.723607
-0.44722
0.525725
0.108244
0.093998
0.5346
-0.3304
0.7779
0.587786
0.0
0.809017
0.095488
0.268448
0.5346
-0.3304
0.7779
-0.951058
0.0
0.309013
0.722719
0.326848
-0.8026
0.1256
0.5831
-0.587786
0.0
0.809017
0.868814
0.319609
-0.8026
0.1256
0.5831
-0.723607
0.44722
0.525725
0.805796
0.460349
-0.8026
0.1256
0.5831
-0.951058
0.0
0.309013
0.722719
0.326848
-0.7947
-0.1876
0.5773
-0.688189
-0.525736
0.499997
0.789459
0.146536
-0.7947
-0.1876
0.5773
-0.587786
0.0
0.809017
0.868814
0.319609
-0.7947
-0.1876
0.5773
-0.688189
-0.525736
0.499997
0.789459
0.146536
-0.5746
-0.3304
0.7488
-0.276388
-0.44722
0.850649
0.919341
0.153584
-0.5746
-0.3304
0.7488
-0.587786
0.0
0.809017
0.868814
0.319609
-0.5746
-0.3304
0.7488
-0.587786
0.0
-0.809017
0.430883
0.26845
-0.8026
0.1256
-0.5831
-0.951058
0.0
-0.309013
0.558994
0.370988
-0.8026
0.1256
-0.5831
-0.723607
0.44722
-0.525725
0.443639
0.4429
-0.8026
0.1256
-0.5831
-0.587786
0.0
-0.809017
0.430883
0.26845
-0.7947
-0.1876
-0.5773
-0.688189
-0.525736
-0.499997
0.558994
0.16591
-0.7947
-0.1876
-0.5773
-0.951058
0.0
-0.309013
0.558994
0.370988
-0.7947
-0.1876
-0.5773
-0.688189
-0.525736
-0.499997
0.558994
0.16591
-0.8897
-0.3304
-0.3151
-0.894426
-0.447216
0.0
0.661592
0.268448
-0.8897
-0.3304
-0.3151
-0.951058
0.0
-0.309013
0.558994
0.370988
-0.8897
-0.3304
-0.3151
0.587786
0.0
-0.809017
0.793479
0.856507
0.3066
0.1256
-0.9435
0.0
0.0
-1.0
0.663358
0.816935
0.3066
0.1256
-0.9435
0.276388
0.44722
-0.850649
0.742952
0.690482
0.3066
0.1256
-0.9435
0.587786
0.0
-0.809017
0.793479
0.856507
0.3035
-0.1876
-0.9342
0.262869
-0.525738
-0.809012
0.730099
0.997247
0.3035
-0.1876
-0.9342
0.0
0.0
-1.0
0.663358
0.816935
0.3035
-0.1876
-0.9342
0.262869
-0.525738
-0.809012
0.404492
0.0
0.0247
-0.3304
-0.9435
-0.276388
-0.44722
-0.850649
0.443639
0.093999
0.0247
-0.3304
-0.9435
0.0
0.0
-1.0
0.335396
0.165912
0.0247
-0.3304
-0.9435
0.587786
0.0
0.809017
0.095488
0.268448
0.5746
0.3304
0.7488
0.688189
0.525736
0.499997
0.223598
0.370988
0.5746
0.3304
0.7488
0.276388
0.44722
0.850649
0.108243
0.442899
0.5746
0.3304
0.7488
0.587786
0.0
0.809017
0.095488
0.268448
0.7947
0.1876
0.5773
0.951058
0.0
0.309013
0.223598
0.16591
0.7947
0.1876
0.5773
0.688189
0.525736
0.499997
0.223598
0.370988
0.7947
0.1876
0.5773
0.951058
0.0
0.309013
0.223598
0.16591
0.8897
0.3304
0.3151
0.894426
0.447216
0.0
0.326196
0.26845
0.8897
0.3304
0.3151
0.688189
0.525736
0.499997
0.223598
0.370988
0.8897
0.3304
0.3151
-0.587786
0.0
0.809017
0.868814
0.319609
-0.5346
0.3304
0.7779
-0.262869
0.525738
0.809012
0.932195
0.460349
-0.5346
0.3304
0.7779
-0.723607
0.44722
0.525725
0.805796
0.460349
-0.5346
0.3304
0.7779
-0.587786
0.0
0.809017
0.868814
0.319609
-0.3035
0.1876
0.9342
0.0
0.0
1.0
0.998936
0.280037
-0.3035
0.1876
0.9342
-0.262869
0.525738
0.809012
0.932195
0.460349
-0.3035
0.1876
0.9342
0.0
0.0
1.0
0.0
0.370986
-0.0247
0.3304
0.9435
0.276388
0.44722
0.850649
0.108243
0.442899
-0.0247
0.3304
0.9435
-0.262869
0.525738
0.809012
0.069096
0.536898
-0.0247
0.3304
0.9435
-0.951058
0.0
-0.309013
0.558994
0.370988
-0.905
0.3304
-0.268
-0.850648
0.525736
0.0
0.542681
0.536898
-0.905
0.3304
-0.268
-0.723607
0.44722
-0.525725
0.443639
0.4429
-0.905
0.3304
-0.268
-0.951058
0.0
-0.309013
0.558994
0.370988
-0.9822
0.1876
0.0
-0.951058
0.0
0.309013
0.670791
0.434358
-0.9822
0.1876
0.0
-0.850648
0.525736
0.0
0.542681
0.536898
-0.9822
0.1876
0.0
-0.951058
0.0
0.309013
0.348262
0.536898
-0.905
0.3304
0.268
-0.723607
0.44722
0.525725
0.45848
0.543157
-0.905
0.3304
0.268
-0.850648
0.525736
0.0
0.378897
0.680684
-0.905
0.3304
0.268
0.0
0.0
-1.0
0.663358
0.816935
-0.0247
0.3304
-0.9435
-0.262869
0.525738
-0.809012
0.662294
0.619404
-0.0247
0.3304
-0.9435
0.276388
0.44722
-0.850649
0.742952
0.690482
-0.0247
0.3304
-0.9435
0.0
0.0
-1.0
0.335396
0.165912
-0.3035
0.1876
-0.9342
-0.587786
0.0
-0.809017
0.430883
0.26845
-0.3035
0.1876
-0.9342
-0.262869
0.525738
-0.809012
0.335397
0.370991
-0.3035
0.1876
-0.9342
-0.587786
0.0
-0.809017
0.430883
0.26845
-0.5346
0.3304
-0.7779
-0.723607
0.44722
-0.525725
0.443639
0.4429
-0.5346
0.3304
-0.7779
-0.262869
0.525738
-0.809012
0.335397
0.370991
-0.5346
0.3304
-0.7779
0.951058
0.0
-0.309013
0.939574
0.863745
0.8897
0.3304
-0.3151
0.688189
0.525736
-0.499997
0.872834
0.683434
0.8897
0.3304
-0.3151
0.894426
0.447216
0.0
0.991503
0.702798
0.8897
0.3304
-0.3151
0.951058
0.0
-0.309013
0.939574
0.863745
0.7947
0.1876
-0.5773
0.587786
0.0
-0.809017
0.793479
0.856507
0.7947
0.1876
-0.5773
0.688189
0.525736
-0.499997
0.872834
0.683434
0.7947
0.1876
-0.5773
0.587786
0.0
-0.809017
0.793479
0.856507
0.5746
0.3304
-0.7488
0.276388
0.44722
-0.850649
0.742952
0.690482
0.5746
0.3304
-0.7488
0.688189
0.525736
-0.499997
0.872834
0.683434
0.5746
0.3304
-0.7488
0.162456
0.850654
0.499995
0.65614
0.713789
0.268
0.9435
0.1947
0.52573
0.850652
0.0
0.662294
0.911137
0.268
0.9435
0.1947
0.0
1.0
0.0
0.579854
0.844099
0.268
0.9435
0.1947
0.162456
0.850654
0.499995
0.207286
0.536898
0.4911
0.7947
0.3568
0.688189
0.525736
0.499997
0.223598
0.370988
0.4911
0.7947
0.3568
0.52573
0.850652
0.0
0.335396
0.43436
0.4911
0.7947
0.3568
0.688189
0.525736
0.499997
0.223598
0.370988
0.724
0.6617
0.1947
0.894426
0.447216
0.0
0.326196
0.26845
0.724
0.6617
0.1947
0.52573
0.850652
0.0
0.335396
0.43436
0.724
0.6617
0.1947
-0.425323
0.850654
0.309011
0.525083
0.680686
-0.1024
0.9435
0.3151
0.162456
0.850654
0.499995
0.65614
0.713789
-0.1024
0.9435
0.3151
0.0
1.0
0.0
0.579854
0.844099
-0.1024
0.9435
0.3151
-0.425323
0.850654
0.309011
0.525083
0.680686
-0.1876
0.7947
0.5773
-0.262869
0.525738
0.809012
0.584798
0.536899
-0.1876
0.7947
0.5773
0.162456
0.850654
0.499995
0.65614
0.713789
-0.1876
0.7947
0.5773
-0.262869
0.525738
0.809012
0.069096
0.536898
0.0385
0.6617
0.7488
0.276388
0.44722
0.850649
0.108243
0.442899
0.0385
0.6617
0.7488
0.162456
0.850654
0.499995
0.207286
0.536898
0.0385
0.6617
0.7488
-0.425323
0.850654
-0.309011
0.450239
0.857573
-0.3313
0.9435
0.0
-0.425323
0.850654
0.309011
0.525083
0.680686
-0.3313
0.9435
0.0
0.0
1.0
0.0
0.579854
0.844099
-0.3313
0.9435
0.0
-0.425323
0.850654
-0.309011
0.450239
0.857573
-0.6071
0.7947
0.0
-0.850648
0.525736
0.0
0.378897
0.680684
-0.6071
0.7947
0.0
-0.425323
0.850654
0.309011
0.525083
0.680686
-0.6071
0.7947
0.0
-0.850648
0.525736
0.0
0.378897
0.680684
-0.7002
0.6617
0.268
-0.723607
0.44722
0.525725
0.45848
0.543157
-0.7002
0.6617
0.268
-0.425323
0.850654
0.309011
0.525083
0.680686
-0.7002
0.6617
0.268
0.162456
0.850654
-0.499995
0.535039
1.0
-0.1024
0.9435
-0.3151
-0.425323
0.850654
-0.309011
0.450239
0.857573
-0.1024
0.9435
-0.3151
0.0
1.0
0.0
0.579854
0.844099
-0.1024
0.9435
-0.3151
0.162456
0.850654
-0.499995
0.535039
1.0
-0.1876
0.7947
-0.5773
-0.262869
0.525738
-0.809012
0.388852
1.0
-0.1876
0.7947
-0.5773
-0.425323
0.850654
-0.309011
0.450239
0.857573
-0.1876
0.7947
-0.5773
-0.262869
0.525738
-0.809012
0.388852
1.0
-0.4713
0.6617
-0.5831
-0.723607
0.44722
-0.525725
0.331147
0.844097
-0.4713
0.6617
-0.5831
-0.425323
0.850654
-0.309011
0.450239
0.857573
-0.4713
0.6617
-0.5831
0.52573
0.850652
0.0
0.662294
0.911137
0.268
0.9435
-0.1947
0.162456
0.850654
-0.499995
0.535039
1.0
0.268
0.9435
-0.1947
0.0
1.0
0.0
0.579854
0.844099
0.268
0.9435
-0.1947
0.52573
0.850652
0.0
0.93785
0.544137
0.4911
0.7947
-0.3568
0.688189
0.525736
-0.499997
0.872834
0.683434
0.4911
0.7947
-0.3568
0.162456
0.850654
-0.499995
0.791757
0.536898
0.4911
0.7947
-0.3568
0.688189
0.525736
-0.499997
0.872834
0.683434
0.4089
0.6617
-0.6284
0.276388
0.44722
-0.850649
0.742952
0.690482
0.4089
0.6617
-0.6284
0.162456
0.850654
-0.499995
0.791757
0.536898
0.4089
0.6617
-0.6284
