480
0.0
-1.0
0.0
0.20412
0.434332
0.1876
-0.7947
0.5774
0.7236
-0.447215
0.52572
0.432336
0.244229
0.1876
-0.7947
0.5774
-0.276385
-0.447215
0.85064
0.432336
0.497699
0.1876
-0.7947
0.5774
0.7236
-0.447215
0.52572
0.432336
0.244229
0.6071
-0.7947
0.0
0.0
-1.0
0.0
0.20412
0.434332
0.6071
-0.7947
0.0
0.7236
-0.447215
-0.52572
0.16514
0.126739
0.6071
-0.7947
0.0
0.0
-1.0
0.0
0.28183
1.0
-0.4911
-0.7947
0.3568
-0.276385
-0.447215
0.85064
0.25
0.748852
-0.4911
-0.7947
0.3568
-0.894425
-0.447215
0.0
0.5
0.904069
-0.4911
-0.7947
0.3568
0.0
-1.0
0.0
0.03183
0.497699
-0.4911
-0.7947
-0.3568
-0.894425
-0.447215
0.0
0.25
0.593629
-0.4911
-0.7947
-0.3568
-0.276385
-0.447215
-0.85064
0.0
0.748847
-0.4911
-0.7947
-0.3568
0.0
-1.0
0.0
0.20412
0.434332
0.1876
-0.7947
-0.5774
-0.276385
-0.447215
-0.85064
0.0
0.307593
0.1876
-0.7947
-0.5774
0.7236
-0.447215
-0.52572
0.16514
0.126739
0.1876
-0.7947
-0.5774
0.7236
-0.447215
0.52572
0.432336
0.244229
0.9822
-0.1876
0.0
0.7236
-0.447215
-0.52572
0.16514
0.126739
0.9822
-0.1876
0.0
0.894425
0.447215
0.0
0.369263
0.0
0.9822
-0.1876
0.0
-0.276385
-0.447215
0.85064
0.781831
0.497699
0.3035
-0.1876
0.9342
0.7236
-0.447215
0.52572
1.0
0.59363
0.3035
-0.1876
0.9342
0.276385
0.447215
0.85064
0.75
0.748852
0.3035
-0.1876
0.9342
-0.894425
-0.447215
0.0
0.5
0.904069
-0.7946
-0.1876
0.5774
-0.276385
-0.447215
0.85064
0.25
0.748852
-0.7946
-0.1876
0.5774
-0.7236
0.447215
0.52572
0.5
0.59363
-0.7946
-0.1876
0.5774
-0.276385
-0.447215
-0.85064
0.0
0.748847
-0.7946
-0.1876
-0.5774
-0.894425
-0.447215
0.0
0.25
0.593629
-0.7946
-0.1876
-0.5774
-0.7236
0.447215
-0.52572
0.25
0.904069
-0.7946
-0.1876
-0.5774
0.7236
-0.447215
-0.52572
0.75
0.904069
0.3035
-0.1876
-0.9342
-0.276385
-0.447215
-0.85064
0.531831
1.0
0.3035
-0.1876
-0.9342
0.276385
0.447215
-0.85064
0.5
0.748847
0.3035
-0.1876
-0.9342
0.7236
-0.447215
0.52572
1.0
0.59363
0.7946
0.1876
0.5774
0.894425
0.447215
0.0
1.0
0.904069
0.7946
0.1876
0.5774
0.276385
0.447215
0.85064
0.75
0.748852
0.7946
0.1876
0.5774
-0.276385
-0.447215
0.85064
0.25
0.748852
-0.3035
0.1876
0.9342
0.276385
0.447215
0.85064
0.281831
0.497699
-0.3035
0.1876
0.9342
-0.7236
0.447215
0.52572
0.5
0.59363
-0.3035
0.1876
0.9342
-0.894425
-0.447215
0.0
0.801598
0.0
-0.9822
0.1876
0.0
-0.7236
0.447215
0.52572
0.864671
0.244229
-0.9822
0.1876
0.0
-0.7236
0.447215
-0.52572
0.597475
0.126739
-0.9822
0.1876
0.0
-0.276385
-0.447215
-0.85064
0.0
0.748847
-0.3035
0.1876
-0.9342
-0.7236
0.447215
-0.52572
0.25
0.904069
-0.3035
0.1876
-0.9342
0.276385
0.447215
-0.85064
0.031831
1.0
-0.3035
0.1876
-0.9342
0.7236
-0.447215
-0.52572
0.75
0.904069
0.7946
0.1876
-0.5774
0.276385
0.447215
-0.85064
0.5
0.748847
0.7946
0.1876
-0.5774
0.894425
0.447215
0.0
0.75
0.593629
0.7946
0.1876
-0.5774
0.276385
0.447215
0.85064
0.75
0.748852
0.4911
0.7947
0.3568
0.894425
0.447215
0.0
1.0
0.904069
0.4911
0.7947
0.3568
0.0
1.0
0.0
0.78183
1.0
0.4911
0.7947
0.3568
-0.7236
0.447215
0.52572
0.864671
0.244229
-0.1876
0.7947
0.5774
0.276385
0.447215
0.85064
0.864671
0.497699
-0.1876
0.7947
0.5774
0.0
1.0
0.0
0.636456
0.434332
-0.1876
0.7947
0.5774
-0.7236
0.447215
-0.52572
0.597475
0.126739
-0.6071
0.7947
0.0
-0.7236
0.447215
0.52572
0.864671
0.244229
-0.6071
0.7947
0.0
0.0
1.0
0.0
0.636456
0.434332
-0.6071
0.7947
0.0
0.276385
0.447215
-0.85064
0.432336
0.307593
-0.1876
0.7947
-0.5774
-0.7236
0.447215
-0.52572
0.597475
0.126739
-0.1876
0.7947
-0.5774
0.0
1.0
0.0
0.636456
0.434332
-0.1876
0.7947
-0.5774
0.894425
0.447215
0.0
0.75
0.593629
0.4911
0.7947
-0.3568
0.276385
0.447215
-0.85064
0.5
0.748847
0.4911
0.7947
-0.3568
0.0
1.0
0.0
0.53183
0.497699
0.4911
0.7947
-0.3568
