8736
-0.055246
-0.122287
-0.629101
0.255502
0.347521
0.0
-1.0
0.0
0.424878
-0.122287
-0.351901
0.290794
0.328548
0.0
-1.0
0.0
0.424878
-0.122287
0.202499
0.290794
0.29061
0.0
-1.0
0.0
-0.055246
1.877713
-0.629101
0.466645
0.328507
0.2504
0.8656
-0.4337
0.424878
1.877713
-0.351901
0.431349
0.347474
0.2504
0.8656
-0.4337
0.744982
1.692528
-0.536713
0.431364
0.372755
0.2504
0.8656
-0.4337
-0.055246
3.877713
-0.629101
0.396411
0.455305
0.2657
0.8472
-0.4601
0.424878
3.877713
-0.351901
0.396411
0.417369
0.2657
0.8472
-0.4601
0.749687
3.674009
-0.53943
0.372536
0.404557
0.2657
0.8472
-0.4601
-0.055246
5.877713
-0.629101
0.975424
0.33461
0.3194
0.7693
-0.5533
0.424878
5.877713
-0.351901
0.940128
0.353576
0.3194
0.7693
-0.5533
0.714766
5.636972
-0.519268
0.940147
0.376467
0.3194
0.7693
-0.5533
0.424878
1.877713
-0.351901
0.431349
0.347474
0.5008
0.8656
0.0
0.424878
1.877713
0.202499
0.396054
0.328502
0.5008
0.8656
0.0
0.744982
1.692528
0.387311
0.372536
0.341135
0.5008
0.8656
0.0
0.424878
3.877713
-0.351901
0.396411
0.417369
0.5313
0.8472
0.0
0.424878
3.877713
0.202499
0.431708
0.3984
0.5313
0.8472
0.0
0.749687
3.674009
0.390027
0.431712
0.372755
0.5313
0.8472
0.0
0.714766
5.636972
-0.519268
0.940147
0.376467
0.6389
0.7693
-0.0
0.424878
5.877713
-0.351901
0.940128
0.353576
0.6389
0.7693
-0.0
0.424878
5.877713
0.202499
0.904832
0.334605
0.6389
0.7693
-0.0
0.424878
1.877713
0.202499
0.396054
0.328502
0.2504
0.8656
0.4337
-0.055246
1.877713
0.479699
0.396054
0.290565
0.2504
0.8656
0.4337
-0.055246
1.692528
0.849322
0.372536
0.277904
0.2504
0.8656
0.4337
0.424878
3.877713
0.202499
0.431708
0.3984
0.2657
0.8472
0.4601
-0.055246
3.877713
0.479699
0.467005
0.417367
0.2657
0.8472
0.4601
-0.055246
3.674009
0.854756
0.490888
0.404554
0.2657
0.8472
0.4601
0.714766
5.636972
0.369865
0.883541
0.346041
0.3194
0.7693
0.5533
0.424878
5.877713
0.202499
0.904832
0.334605
0.3194
0.7693
0.5533
-0.055246
5.877713
0.479699
0.904832
0.296667
0.3194
0.7693
0.5533
-0.055246
1.877713
0.479699
0.396054
0.290565
-0.2504
0.8656
0.4337
-0.535371
1.877713
0.202499
0.431349
0.271598
-0.2504
0.8656
0.4337
-0.855474
1.692528
0.38731
0.431364
0.246293
-0.2504
0.8656
0.4337
-0.055246
3.877713
0.479699
0.467005
0.417367
-0.2657
0.8472
0.4601
-0.535371
3.877713
0.202499
0.467005
0.455303
-0.2657
0.8472
0.4601
-0.86018
3.674009
0.390027
0.490888
0.468154
-0.2657
0.8472
0.4601
-0.055246
5.636972
0.814432
0.883541
0.285197
-0.3194
0.7693
0.5533
-0.055246
5.877713
0.479699
0.904832
0.296667
-0.3194
0.7693
0.5533
-0.535371
5.877713
0.202499
0.940128
0.277701
-0.3194
0.7693
0.5533
-0.535371
1.877713
-0.351901
0.466645
0.29057
-0.2504
0.8656
-0.4337
-0.055246
1.877713
-0.629101
0.466645
0.328507
-0.2504
0.8656
-0.4337
-0.055246
1.692528
-0.998725
0.490191
0.341144
-0.2504
0.8656
-0.4337
-0.535371
3.877713
-0.351901
0.431708
0.474272
-0.2657
0.8472
-0.4601
-0.055246
3.877713
-0.629101
0.396411
0.455305
-0.2657
0.8472
-0.4601
-0.055246
3.674011
-1.004159
0.372536
0.468158
-0.2657
0.8472
-0.4601
-0.535371
5.877713
-0.351901
0.975424
0.296672
-0.3194
0.7693
-0.5533
-0.055246
5.877713
-0.629101
0.975424
0.33461
-0.3194
0.7693
-0.5533
-0.055246
5.636972
-0.963835
0.996753
0.346049
-0.3194
0.7693
-0.5533
-0.535371
1.877713
0.202499
0.431349
0.271598
-0.5008
0.8656
0.0
-0.535371
1.877713
-0.351901
0.466645
0.29057
-0.5008
0.8656
0.0
-0.855474
1.692528
-0.536713
0.490191
0.277912
-0.5008
0.8656
0.0
-0.535371
3.877713
0.202499
0.467005
0.455303
-0.5313
0.8472
0.0
-0.535371
3.877713
-0.351901
0.431708
0.474272
-0.5313
0.8472
0.0
-0.86018
3.674009
-0.53943
0.431712
0.499956
-0.5313
0.8472
0.0
-0.535371
5.877713
0.202499
0.940128
0.277701
-0.6389
0.7693
0.0
-0.535371
5.877713
-0.351901
0.975424
0.296672
-0.6389
0.7693
0.0
-0.825258
5.636972
-0.519268
0.996753
0.285205
-0.6389
0.7693
0.0
-0.055246
-0.122287
-0.629101
0.255502
0.347521
0.4924
-0.1737
-0.8529
-0.055246
1.692528
-0.998725
0.255225
0.372739
0.4924
-0.1737
-0.8529
0.744982
1.692528
-0.536713
0.314045
0.341118
0.4924
-0.1737
-0.8529
0.744982
1.692528
-0.536713
0.314045
0.341118
0.9848
-0.1737
0.0
0.744982
1.692528
0.387311
0.314045
0.277885
0.9848
-0.1737
0.0
0.424878
-0.122287
0.202499
0.290794
0.29061
0.9848
-0.1737
0.0
0.424878
-0.122287
0.202499
0.290794
0.29061
0.4924
-0.1737
0.8529
0.744982
1.692528
0.387311
0.314045
0.277885
0.4924
-0.1737
0.8529
-0.055246
1.692528
0.849322
0.255225
0.246274
0.4924
-0.1737
0.8529
-0.055246
1.692528
0.849322
0.255225
0.246274
-0.4924
-0.1737
0.8529
-0.855474
1.692528
0.38731
0.196404
0.277896
-0.4924
-0.1737
0.8529
-0.535371
-0.122287
0.202499
0.220211
0.290616
-0.4924
-0.1737
0.8529
-0.855474
1.692528
-0.536713
0.196404
0.341128
-0.4924
-0.1737
-0.8529
-0.055246
1.692528
-0.998725
0.255225
0.372739
-0.4924
-0.1737
-0.8529
-0.055246
-0.122287
-0.629101
0.255502
0.347521
-0.4924
-0.1737
-0.8529
-0.855474
1.692528
0.38731
0.196404
0.277896
-0.9848
-0.1737
0.0
-0.855474
1.692528
-0.536713
0.196404
0.341128
-0.9848
-0.1737
0.0
-0.535371
-0.122287
-0.351901
0.220211
0.328554
-0.9848
-0.1737
0.0
-0.055246
3.674011
-1.004159
0.196404
0.404529
0.492
-0.1779
-0.8522
0.749687
3.674009
-0.53943
0.196404
0.468129
0.492
-0.1779
-0.8522
0.424878
1.877713
-0.351901
0.220074
0.455485
0.492
-0.1779
-0.8522
0.424878
1.877713
-0.351901
0.220074
0.455485
0.984
-0.1779
0.0
0.749687
3.674009
-0.53943
0.196404
0.468129
0.984
-0.1779
0.0
0.749687
3.674009
0.390027
0.255575
0.499939
0.984
-0.1779
0.0
0.749687
3.674009
0.390027
0.255575
0.499939
0.492
-0.1779
0.8522
-0.055246
3.674009
0.854756
0.314745
0.468149
0.492
-0.1779
0.8522
-0.055246
1.877713
0.479699
0.290662
0.455497
0.492
-0.1779
0.8522
-0.055246
1.877713
0.479699
0.290662
0.455497
-0.492
-0.1779
0.8522
-0.055246
3.674009
0.854756
0.314745
0.468149
-0.492
-0.1779
0.8522
-0.86018
3.674009
0.390027
0.314745
0.404549
-0.492
-0.1779
0.8522
-0.535371
1.877713
-0.351901
0.255368
0.398587
-0.492
-0.1779
-0.8522
-0.86018
3.674009
-0.53943
0.255575
0.372739
-0.492
-0.1779
-0.8522
-0.055246
3.674011
-1.004159
0.196404
0.404529
-0.492
-0.1779
-0.8522
-0.535371
1.877713
0.202499
0.290662
0.417561
-0.984
-0.1779
0.0
-0.86018
3.674009
0.390027
0.314745
0.404549
-0.984
-0.1779
0.0
-0.86018
3.674009
-0.53943
0.255575
0.372739
-0.984
-0.1779
0.0
-0.055246
5.636972
-0.963835
0.996757
0.163522
0.4933
-0.1626
-0.8545
0.714766
5.636972
-0.519268
0.940149
0.133108
0.4933
-0.1626
-0.8545
0.424878
3.877713
-0.351901
0.940082
0.155757
0.4933
-0.1626
-0.8545
0.714766
5.636972
-0.519268
0.940149
0.133108
0.9867
-0.1626
0.0
0.714766
5.636972
0.369865
0.883541
0.16353
0.9867
-0.1626
0.0
0.424878
3.877713
0.202499
0.904785
0.174726
0.9867
-0.1626
0.0
0.424878
3.877713
0.202499
0.904785
0.174726
0.4933
-0.1626
0.8545
0.714766
5.636972
0.369865
0.883541
0.16353
0.4933
-0.1626
0.8545
-0.055246
5.636972
0.814432
0.883541
0.224366
0.4933
-0.1626
0.8545
-0.055246
5.636972
0.814432
0.883541
0.224366
-0.4933
-0.1626
0.8545
-0.825258
5.636972
0.369865
0.940149
0.254779
-0.4933
-0.1626
0.8545
-0.535371
3.877713
0.202499
0.940082
0.231623
-0.4933
-0.1626
0.8545
-0.535371
3.877713
-0.351901
0.975379
0.212654
-0.4933
-0.1626
-0.8545
-0.825258
5.636972
-0.519268
0.996757
0.224357
-0.4933
-0.1626
-0.8545
-0.055246
5.636972
-0.963835
0.996757
0.163522
-0.4933
-0.1626
-0.8545
-0.825258
5.636972
0.369865
0.940149
0.254779
-0.9867
-0.1626
0.0
-0.825258
5.636972
-0.519268
0.996757
0.224357
-0.9867
-0.1626
0.0
-0.535371
3.877713
-0.351901
0.975379
0.212654
-0.9867
-0.1626
0.0
-0.055246
5.877713
-0.629101
0.976014
0.458932
0.5376
-0.2518
-0.8047
-0.03026
7.10364
-0.996031
1.0
0.470412
0.5376
-0.2518
-0.8047
0.745899
7.288605
-0.535366
1.0
0.408671
0.5376
-0.2518
-0.8047
0.745899
7.288605
-0.535366
1.0
0.408671
0.9751
-0.2219
0.0
0.745899
7.288605
0.385963
0.94177
0.376467
0.9751
-0.2219
0.0
0.424878
5.877713
0.202499
0.941479
0.401621
0.9751
-0.2219
0.0
0.745899
7.288605
0.385963
0.94177
0.376467
0.5376
-0.2518
0.8047
-0.03026
7.103638
0.846628
0.883541
0.406004
0.5376
-0.2518
0.8047
-0.055246
5.877713
0.479699
0.905936
0.420175
0.5376
-0.2518
0.8047
-0.03026
7.103638
0.846628
0.883541
0.406004
-0.4442
-0.2664
0.8554
-0.806419
6.918672
0.385963
0.883541
0.467745
-0.4442
-0.2664
0.8554
-0.535371
5.877713
0.202499
0.905432
0.458108
-0.4442
-0.2664
0.8554
-0.535371
5.877713
-0.351901
0.940471
0.477487
-0.4442
-0.2664
-0.8554
-0.806419
6.918672
-0.535366
0.94177
0.49995
-0.4442
-0.2664
-0.8554
-0.03026
7.10364
-0.996031
1.0
0.470412
-0.4442
-0.2664
-0.8554
-0.806419
6.918672
0.385963
0.883541
0.467745
-0.9677
-0.252
0.0
-0.806419
6.918672
-0.535366
0.94177
0.49995
-0.9677
-0.252
0.0
-0.535371
5.877713
-0.351901
0.940471
0.477487
-0.9677
-0.252
0.0
-1.079635
11.154037
-0.741826
0.58907
0.000237
0.493
-0.8701
0.0
0.254615
11.910002
-0.741826
0.589104
0.091421
0.493
-0.8701
0.0
0.254615
11.910002
0.592423
0.687192
0.09143
0.493
-0.8701
0.0
-1.079635
11.322152
-0.741826
0.321223
0.499956
-1.0
0.0
0.0
-1.079635
11.154037
-0.741826
0.32265
0.499956
-1.0
0.0
0.0
-1.079635
11.154037
0.592423
0.32265
0.408933
-1.0
0.0
0.0
0.254615
12.078117
-0.741826
0.490912
0.408735
-0.493
0.8701
0.0
-1.079635
11.322152
-0.741826
0.490888
0.500105
-0.493
0.8701
0.0
-1.079635
11.322152
0.592423
0.588977
0.500109
-0.493
0.8701
0.0
0.254615
12.078117
0.592423
0.998098
0.593017
0.0
0.0
1.0
-1.079635
11.322152
0.592423
0.991772
0.502087
0.0
0.0
1.0
-1.079635
11.154037
0.592423
0.990344
0.502086
0.0
0.0
1.0
0.254615
12.078117
-0.741826
0.989482
0.908756
-0.0
0.0
-1.0
1.586927
11.388859
-0.741826
0.983537
0.817657
-0.0
0.0
-1.0
1.586927
11.220743
-0.741826
0.982109
0.817658
-0.0
0.0
-1.0
0.254615
12.078117
-0.741826
0.989482
0.908756
-0.0
0.0
-1.0
0.254615
11.910002
-0.741826
0.988055
0.908758
-0.0
0.0
-1.0
-1.079635
11.154037
-0.741826
0.981729
1.0
-0.0
0.0
-1.0
-1.021928
11.264886
-0.629101
0.943769
0.110052
0.184
0.765
-0.6172
-0.554883
11.376188
-0.351901
0.909425
0.091081
0.184
0.765
-0.6172
-0.202473
11.155577
-0.520296
0.883541
0.102612
0.184
0.765
-0.6172
-0.554883
11.376188
-0.351901
0.909425
0.091081
0.5306
0.8476
0.0
-0.554883
11.376188
0.202499
0.909425
0.053142
0.5306
0.8476
0.0
-0.202473
11.155577
0.370893
0.883541
0.041626
0.5306
0.8476
0.0
-0.554883
11.376188
0.202499
0.909425
0.053142
0.184
0.765
0.6172
-1.021928
11.264886
0.479699
0.943769
0.034174
0.184
0.765
0.6172
-0.953241
10.976661
0.816488
0.938749
0.011136
0.184
0.765
0.6172
-1.021928
11.264886
0.479699
0.943769
0.034174
-0.5092
0.5998
0.6172
-1.488974
11.153584
0.202499
0.978113
0.053146
-0.5092
0.5998
0.6172
-1.704009
10.797745
0.370893
0.993957
0.041632
-0.5092
0.5998
0.6172
-0.554883
11.376188
-0.351901
0.909425
0.091081
-0.2318
0.9728
-0.0
-1.021928
11.264886
-0.629101
0.943769
0.110052
-0.2318
0.9728
-0.0
-1.488974
11.153584
-0.351901
0.978113
0.091084
-0.2318
0.9728
-0.0
-1.488974
11.153584
-0.351901
0.978113
0.091084
-0.5092
0.5998
-0.6172
-1.021928
11.264886
-0.629101
0.943769
0.110052
-0.5092
0.5998
-0.6172
-0.953241
10.976662
-0.96589
0.938749
0.133108
-0.5092
0.5998
-0.6172
-1.488974
11.153584
0.202499
0.978113
0.053146
-0.8559
0.5172
0.0
-1.488974
11.153584
-0.351901
0.978113
0.091084
-0.8559
0.5172
0.0
-1.704009
10.797745
-0.520296
0.993957
0.102618
-0.8559
0.5172
0.0
-0.094654
7.37385
-0.629101
0.258186
0.221156
0.1456
0.8087
-0.57
0.372392
7.485151
-0.351901
0.223842
0.202185
0.1456
0.8087
-0.57
0.745899
7.288605
-0.535366
0.196404
0.214747
0.1456
0.8087
-0.57
-0.558291
9.319368
-0.629101
0.39833
0.206599
0.1034
0.8505
-0.5158
-0.091246
9.43067
-0.351901
0.39833
0.169424
0.1034
0.8505
-0.5158
0.280438
9.271763
-0.539379
0.372536
0.154115
0.1034
0.8505
-0.5158
0.372392
7.485151
-0.351901
0.223842
0.202185
0.4657
0.885
0.0
0.372391
7.485151
0.202499
0.223842
0.164246
0.4657
0.885
0.0
0.745899
7.288605
0.385963
0.196404
0.151698
0.4657
0.885
0.0
-0.091246
9.43067
-0.351901
0.39833
0.169424
0.3931
0.9195
-0.0
-0.091246
9.43067
0.202499
0.433381
0.150063
0.3931
0.9195
-0.0
0.280438
9.271763
0.389976
0.431292
0.121659
0.3931
0.9195
-0.0
0.372391
7.485151
0.202499
0.223842
0.164246
0.1456
0.8087
0.57
-0.094654
7.373849
0.479699
0.258186
0.145279
0.1456
0.8087
0.57
-0.03026
7.103638
0.846628
0.253479
0.120177
0.1456
0.8087
0.57
-0.091246
9.43067
0.202499
0.433381
0.150063
0.1034
0.8505
0.5158
-0.558291
9.319367
0.479699
0.468431
0.167876
0.1034
0.8505
0.5158
-0.502483
9.085185
0.854654
0.490048
0.15152
0.1034
0.8505
0.5158
-0.094654
7.373849
0.479699
0.258186
0.145279
-0.4946
0.6561
0.57
-0.5617
7.262547
0.202499
0.29253
0.16425
-0.4946
0.6561
0.57
-0.806419
6.918672
0.385963
0.310554
0.151705
-0.4946
0.6561
0.57
-0.502483
9.085185
0.854654
0.490048
0.15152
-0.4759
0.7124
0.5158
-0.558291
9.319367
0.479699
0.468431
0.167876
-0.4759
0.7124
0.5158
-1.025337
9.208067
0.202499
0.468431
0.205051
-0.4759
0.7124
0.5158
-0.806419
6.918672
-0.535366
0.310554
0.214753
-0.4946
0.6561
-0.57
-0.5617
7.262547
-0.351901
0.29253
0.202189
-0.4946
0.6561
-0.57
-0.094654
7.37385
-0.629101
0.258186
0.221156
-0.4946
0.6561
-0.57
-1.025337
9.208067
-0.351901
0.433381
0.224412
-0.4759
0.7124
-0.5158
-0.558291
9.319368
-0.629101
0.39833
0.206599
-0.4759
0.7124
-0.5158
-0.502483
9.085186
-1.004056
0.372536
0.216432
-0.4759
0.7124
-0.5158
-0.5617
7.262547
0.202499
0.29253
0.16425
-0.8147
0.5798
0.0
-0.5617
7.262547
-0.351901
0.29253
0.202189
-0.8147
0.5798
0.0
-0.806419
6.918672
-0.535366
0.310554
0.214753
-0.8147
0.5798
0.0
-1.025337
9.208067
0.202499
0.468431
0.205051
-0.7656
0.6434
0.0
-1.025337
9.208067
-0.351901
0.433381
0.224412
-0.7656
0.6434
0.0
-1.285403
8.898607
-0.539379
0.431292
0.246293
-0.7656
0.6434
0.0
-0.502483
9.085186
-1.004056
0.343691
0.439394
0.5204
-0.0626
-0.8516
0.280438
9.271763
-0.539379
0.343691
0.387076
0.5204
-0.0626
-0.8516
0.372392
7.485151
-0.351901
0.328351
0.381689
0.5204
-0.0626
-0.8516
0.280438
9.271763
-0.539379
0.359761
0.499956
0.9987
0.0514
0.0
0.280438
9.271763
0.389976
0.359761
0.436801
0.9987
0.0514
0.0
0.372391
7.485151
0.202499
0.343882
0.450075
0.9987
0.0514
0.0
0.280438
9.271763
0.389976
0.343675
0.377009
0.5204
-0.0626
0.8516
-0.502483
9.085185
0.854654
0.343675
0.326539
0.5204
-0.0626
0.8516
-0.094654
7.373849
0.479699
0.328351
0.351581
0.5204
-0.0626
0.8516
-0.094654
7.373849
0.479699
0.087759
0.398485
-0.4362
-0.2906
0.8516
-0.502483
9.085185
0.854654
0.05752
0.372757
-0.4362
-0.2906
0.8516
-1.285403
8.898607
0.389976
0.0
0.404569
-0.4362
-0.2906
0.8516
-1.285403
8.898607
-0.539379
0.0
0.468166
-0.4362
-0.2906
-0.8516
-0.502483
9.085186
-1.004056
0.05752
0.499952
-0.4362
-0.2906
-0.8516
-0.094654
7.37385
-0.629101
0.087759
0.474362
-0.4362
-0.2906
-0.8516
-1.285403
8.898607
0.389976
0.0
0.404569
-0.9145
-0.4045
0.0
-1.285403
8.898607
-0.539379
0.0
0.468166
-0.9145
-0.4045
0.0
-0.5617
7.262547
-0.351901
0.053446
0.4554
-0.9145
-0.4045
0.0
-0.953241
10.976662
-0.96589
0.35874
0.436801
0.5185
-0.0499
-0.8536
-0.202473
11.155577
-0.520296
0.35874
0.386631
0.5185
-0.0499
-0.8536
-0.091246
9.43067
-0.351901
0.343882
0.379862
0.5185
-0.0499
-0.8536
-0.202473
11.155577
-0.520296
0.328351
0.439394
0.9979
0.0643
0.0
-0.202473
11.155577
0.370893
0.328351
0.499956
0.9979
0.0643
0.0
-0.091246
9.43067
0.202499
0.343882
0.487818
0.9979
0.0643
0.0
-0.091246
9.43067
0.202499
0.343882
0.379862
0.5185
-0.0499
0.8536
-0.202473
11.155577
0.370893
0.358727
0.373736
0.5185
-0.0499
0.8536
-0.953241
10.976661
0.816488
0.358727
0.325339
0.5185
-0.0499
0.8536
-0.558291
9.319367
0.479699
0.771678
0.401085
-0.4403
-0.2784
0.8536
-0.953241
10.976661
0.816488
0.742393
0.377971
-0.4403
-0.2784
0.8536
-1.704009
10.797745
0.370893
0.687236
0.408476
-0.4403
-0.2784
0.8536
-1.704009
10.797745
-0.520296
0.687236
0.469462
-0.4403
-0.2784
-0.8536
-0.953241
10.976662
-0.96589
0.742393
0.499942
-0.4403
-0.2784
-0.8536
-0.558291
9.319368
-0.629101
0.771677
0.476962
-0.4403
-0.2784
-0.8536
-1.704009
10.797745
0.370893
0.687236
0.408476
-0.9197
-0.3926
0.0
-1.704009
10.797745
-0.520296
0.687236
0.469462
-0.9197
-0.3926
0.0
-1.025337
9.208067
-0.351901
0.737365
0.458
-0.9197
-0.3926
0.0
1.586927
11.220743
-0.741826
0.982109
0.817658
-0.0
0.0
-1.0
1.586927
11.388859
-0.741826
0.983537
0.817657
-0.0
0.0
-1.0
2.902032
12.193697
-0.741826
0.990279
0.727724
-0.0
0.0
-1.0
0.254615
12.078117
0.592423
0.589001
0.408739
0.4595
0.8882
0.0
1.586927
11.388859
0.592423
0.588978
0.317636
0.4595
0.8882
0.0
1.586927
11.388859
-0.741826
0.49089
0.317632
0.4595
0.8882
0.0
0.254615
12.078117
0.592423
0.998098
0.593017
0.0
0.0
1.0
0.254615
11.910002
0.592423
0.99667
0.593016
0.0
0.0
1.0
1.586927
11.220743
0.592423
0.990725
0.683803
0.0
0.0
1.0
0.254615
11.910002
-0.741826
0.589104
0.091421
-0.4595
-0.8882
0.0
1.586927
11.220743
-0.741826
0.589072
0.182678
-0.4595
-0.8882
0.0
1.586927
11.220743
0.592423
0.68716
0.182687
-0.4595
-0.8882
0.0
2.902032
12.193697
-0.741826
0.990279
0.727724
-0.0
0.0
-1.0
4.473383
11.360113
-0.741826
0.983091
0.62028
-0.0
0.0
-1.0
4.473383
11.191998
-0.741826
0.981664
0.620281
-0.0
0.0
-1.0
1.586927
11.388859
0.592423
0.588978
0.317636
-0.522
0.8529
0.0
2.902032
12.193697
0.592423
0.589004
0.227571
-0.522
0.8529
0.0
2.902032
12.193697
-0.741826
0.490915
0.227567
-0.522
0.8529
0.0
1.586927
11.220743
0.592423
0.990725
0.683803
0.0
0.0
1.0
2.902032
12.025581
0.592423
0.997467
0.773429
0.0
0.0
1.0
2.902032
12.193697
0.592423
0.998894
0.77343
0.0
0.0
1.0
1.586927
11.220743
-0.741826
0.589072
0.182678
0.522
-0.8529
0.0
2.902032
12.025581
-0.741826
0.589108
0.272545
0.522
-0.8529
0.0
2.902032
12.025581
0.592423
0.687196
0.272554
0.522
-0.8529
0.0
4.473383
11.191998
-0.741826
0.981664
0.620281
-0.0
0.0
-1.0
4.473383
11.360113
-0.741826
0.983091
0.62028
-0.0
0.0
-1.0
6.226781
12.221045
-0.741826
0.990279
0.500375
-0.0
0.0
-1.0
2.902032
12.193697
0.592423
0.589004
0.227571
0.4686
0.8834
0.0
4.473383
11.360113
0.592423
0.588977
0.120124
0.4686
0.8834
0.0
4.473383
11.360113
-0.741826
0.490888
0.120121
0.4686
0.8834
0.0
2.902032
12.193697
0.592423
0.998894
0.77343
0.0
0.0
1.0
2.902032
12.025581
0.592423
0.997467
0.773429
0.0
0.0
1.0
4.473383
11.191998
0.592423
0.990279
0.880504
0.0
0.0
1.0
2.902032
12.025581
-0.741826
0.589108
0.272545
-0.4686
-0.8834
0.0
4.473383
11.191998
-0.741826
0.58907
0.380177
-0.4686
-0.8834
0.0
4.473383
11.191998
0.592423
0.687158
0.380187
-0.4686
-0.8834
0.0
6.226781
12.221045
0.592423
0.318392
0.499937
1.0
0.0
0.0
6.226781
12.052929
0.592423
0.319809
0.499956
1.0
0.0
0.0
6.226781
12.052929
-0.741826
0.319809
0.409286
1.0
0.0
0.0
4.473383
11.360113
0.592423
0.588977
0.120124
-0.4407
0.8976
0.0
6.226781
12.221045
0.592423
0.589004
6.3e-05
-0.4407
0.8976
0.0
6.226781
12.221045
-0.741826
0.490915
5.9e-05
-0.4407
0.8976
0.0
4.473383
11.191998
0.592423
0.990279
0.880504
0.0
0.0
1.0
6.226781
12.052929
0.592423
0.997467
0.999999
0.0
0.0
1.0
6.226781
12.221045
0.592423
0.998894
1.0
0.0
0.0
1.0
4.473383
11.191998
-0.741826
0.58907
0.380177
0.4407
-0.8976
0.0
6.226781
12.052929
-0.741826
0.589108
0.500025
0.4407
-0.8976
0.0
6.226781
12.052929
0.592423
0.687196
0.500034
0.4407
-0.8976
0.0
5.106869
11.154037
-4.949889
0.196405
0.499953
-0.3116
-0.8701
0.382
4.263394
11.910002
-3.916075
0.196472
0.591341
-0.3116
-0.8701
0.382
3.229581
11.910002
-4.75955
0.294556
0.591326
-0.3116
-0.8701
0.382
5.106869
11.322152
-4.949889
0.319809
0.340823
0.6322
0.0
-0.7748
5.106869
11.154037
-4.949889
0.318381
0.340823
0.6322
0.0
-0.7748
4.073056
11.154037
-5.793363
0.318381
0.409267
0.6322
0.0
-0.7748
3.229581
12.078117
-4.75955
0.589144
0.591312
0.3116
0.8701
-0.382
4.263394
12.078117
-3.916075
0.687227
0.591318
0.3116
0.8701
-0.382
5.106869
11.322152
-4.949889
0.687196
0.500034
0.3116
0.8701
-0.382
3.229581
12.078117
-4.75955
0.321223
0.342552
-0.7748
0.0
-0.6322
4.073056
11.322152
-5.793363
0.321223
0.408813
-0.7748
0.0
-0.6322
4.073056
11.154037
-5.793363
0.322644
0.408933
-0.7748
0.0
-0.6322
4.263394
12.078117
-3.916075
0.094879
0.340325
0.7748
0.0
0.6322
4.263394
11.910002
-3.916075
0.093478
0.340525
0.7748
0.0
0.6322
5.106869
11.154037
-4.949889
0.093478
0.418523
0.7748
0.0
0.6322
4.263394
12.078117
-3.916075
0.687227
0.591318
-0.2905
0.8882
0.356
3.229581
12.078117
-4.75955
0.589144
0.591312
-0.2905
0.8882
0.356
2.38733
11.388859
-3.727236
0.589075
0.68251
-0.2905
0.8882
0.356
4.263394
11.910002
-3.916075
0.196472
0.591341
0.2905
-0.8882
-0.356
3.421144
11.220743
-2.883762
0.196409
0.682419
0.2905
-0.8882
-0.356
2.38733
11.220743
-3.727236
0.294493
0.682405
0.2905
-0.8882
-0.356
2.38733
11.388859
-3.727236
0.589075
0.68251
0.33
0.8529
-0.4045
1.555958
12.193697
-2.708256
0.589153
0.772476
0.33
0.8529
-0.4045
2.589772
12.193697
-1.864781
0.687236
0.772482
0.33
0.8529
-0.4045
2.38733
11.220743
-3.727236
0.294493
0.682405
-0.33
-0.8529
0.4045
3.421144
11.220743
-2.883762
0.196409
0.682419
-0.33
-0.8529
0.4045
2.589772
12.025581
-1.864781
0.196481
0.772503
-0.33
-0.8529
0.4045
1.555958
12.193697
-2.708256
0.589153
0.772476
-0.2963
0.8834
0.3631
0.562594
11.360113
-1.490728
0.58907
0.880036
-0.2963
0.8834
0.3631
1.596408
11.360113
-0.647254
0.687153
0.880042
-0.2963
0.8834
0.3631
2.589772
12.025581
-1.864781
0.196481
0.772503
0.2963
-0.8834
-0.3631
1.596408
11.191998
-0.647254
0.196404
0.87992
0.2963
-0.8834
-0.3631
0.562594
11.191998
-1.490728
0.294488
0.879905
0.2963
-0.8834
-0.3631
-0.545855
12.221045
-0.132147
0.094879
0.418064
-0.6322
0.0
0.7748
-0.545855
12.052929
-0.132147
0.096306
0.418064
-0.6322
0.0
0.7748
0.487959
12.052929
0.711328
0.096306
0.34234
-0.6322
0.0
0.7748
1.596408
11.360113
-0.647254
0.687153
0.880042
0.2786
0.8976
-0.3415
0.562594
11.360113
-1.490728
0.58907
0.880036
0.2786
0.8976
-0.3415
-0.545855
12.221045
-0.132147
0.589153
0.999994
0.2786
0.8976
-0.3415
1.596408
11.191998
-0.647254
0.196404
0.87992
-0.2786
-0.8976
0.3415
0.487959
12.052929
0.711328
0.196481
1.0
-0.2786
-0.8976
0.3415
-0.545855
12.052929
-0.132147
0.294565
0.999986
-0.2786
-0.8976
0.3415
0.172886
11.154037
-6.834295
0.098076
0.499952
-0.0719
-0.8701
0.4877
1.492865
11.154037
-6.639681
1e-06
0.499963
-0.0719
-0.8701
0.4877
1.29825
11.910002
-5.319702
0.000109
0.591313
-0.0719
-0.8701
0.4877
1.492865
11.322152
-6.639681
0.31554
0.499956
0.1459
0.0
-0.9893
1.492865
11.154037
-6.639681
0.316968
0.499956
0.1459
0.0
-0.9893
0.172886
11.154037
-6.834295
0.316968
0.410214
0.1459
0.0
-0.9893
-0.021729
12.078117
-5.514316
0.294556
0.591326
0.0719
0.8701
-0.4877
1.29825
12.078117
-5.319702
0.392725
0.591306
0.0719
0.8701
-0.4877
1.492865
11.322152
-6.639681
0.392648
0.499988
0.0719
0.8701
-0.4877
-0.021729
12.078117
-5.514316
0.087759
0.410659
-0.9893
0.0
-0.1459
0.172886
11.322152
-6.834295
0.087759
0.499863
-0.9893
0.0
-0.1459
0.172886
11.154037
-6.834295
0.089183
0.499952
-0.9893
0.0
-0.1459
1.29825
12.078117
-5.319702
0.321223
0.408382
0.9893
0.0
0.1459
1.29825
11.910002
-5.319702
0.319809
0.408472
0.9893
0.0
0.1459
1.492865
11.154037
-6.639681
0.319809
0.499956
0.9893
0.0
0.1459
1.29825
12.078117
-5.319702
0.392725
0.591306
-0.067
0.8882
0.4546
-0.021729
12.078117
-5.514316
0.294556
0.591326
-0.067
0.8882
0.4546
-0.216061
11.388859
-4.196252
0.29457
0.68247
-0.067
0.8882
0.4546
-0.021729
11.910002
-5.514316
0.098184
0.591302
0.067
-0.8882
-0.4546
1.29825
11.910002
-5.319702
0.000109
0.591313
0.067
-0.8882
-0.4546
1.103919
11.220743
-4.001637
8e-06
0.682441
0.067
-0.8882
-0.4546
-0.216061
11.388859
-4.196252
0.29457
0.68247
0.0761
0.8529
-0.5164
-0.407883
12.193697
-2.895212
0.294652
0.772479
0.0761
0.8529
-0.5164
0.912097
12.193697
-2.700597
0.392734
0.772478
0.0761
0.8529
-0.5164
1.103919
11.220743
-4.001637
8e-06
0.682441
-0.0761
-0.8529
0.5164
0.912097
12.025581
-2.700597
0.000123
0.772484
-0.0761
-0.8529
0.5164
-0.407883
12.025581
-2.895212
0.098198
0.772473
-0.0761
-0.8529
0.5164
-0.407883
12.193697
-2.895212
0.294652
0.772479
-0.0684
0.8834
0.4636
-0.637081
11.360113
-1.340665
0.294565
0.879997
-0.0684
0.8834
0.4636
0.682899
11.360113
-1.146051
0.392647
0.879995
-0.0684
0.8834
0.4636
-0.407883
12.025581
-2.895212
0.098198
0.772473
0.0684
-0.8834
-0.4636
0.912097
12.025581
-2.700597
0.000123
0.772484
0.0684
-0.8834
-0.4636
0.682899
11.191998
-1.146051
0.0
0.879961
0.0684
-0.8834
-0.4636
-0.892832
12.221045
0.39398
0.324078
0.408788
-0.1459
0.0
0.9893
-0.892832
12.052929
0.39398
0.32265
0.408788
-0.1459
0.0
0.9893
0.427148
12.052929
0.588594
0.32265
0.499956
-0.1459
0.0
0.9893
-0.637081
11.360113
-1.340665
0.294565
0.879997
0.0643
0.8976
-0.436
-0.892832
12.221045
0.39398
0.294652
1.0
0.0643
0.8976
-0.436
0.427148
12.221045
0.588594
0.392734
0.999999
0.0643
0.8976
-0.436
-0.637081
11.191998
-1.340665
0.098075
0.87995
-0.0643
-0.8976
0.436
0.682899
11.191998
-1.146051
0.0
0.879961
-0.0643
-0.8976
0.436
0.427148
12.052929
0.588594
0.000123
1.0
-0.0643
-0.8976
0.436
-5.081264
11.154037
-4.280295
0.490888
0.500105
0.4116
-0.8701
0.2713
-3.967226
11.910002
-3.546034
0.490979
0.591336
0.4116
-0.8701
0.2713
-4.701487
11.910002
-2.431996
0.589059
0.591353
0.4116
-0.8701
0.2713
-5.081264
11.322152
-4.280295
0.31554
0.410214
-0.835
0.0
-0.5503
-5.081264
11.154037
-4.280295
0.316968
0.410214
-0.835
0.0
-0.5503
-5.815524
11.154037
-3.166258
0.316968
0.338163
-0.835
0.0
-0.5503
-4.701487
12.078117
-2.431996
0.785401
0.091374
-0.4116
0.8701
-0.2713
-3.967226
12.078117
-3.546034
0.88349
0.091371
-0.4116
0.8701
-0.2713
-5.081264
11.322152
-4.280295
0.883469
0.0
-0.4116
0.8701
-0.2713
-4.701487
12.078117
-2.431996
0.096774
0.419124
-0.5503
0.0
0.835
-5.815524
11.322152
-3.166258
0.096774
0.499854
-0.5503
0.0
0.835
-5.815524
11.154037
-3.166258
0.098198
0.499952
-0.5503
0.0
0.835
-3.967226
12.078117
-3.546034
0.093447
0.339275
0.5503
0.0
-0.835
-3.967226
11.910002
-3.546034
0.092024
0.339381
0.5503
0.0
-0.835
-5.081264
11.154037
-4.280295
0.092024
0.413842
0.5503
0.0
-0.835
-4.701487
12.078117
-2.431996
0.785401
0.091374
0.3837
0.8882
0.2529
-3.589065
11.388859
-1.6988
0.785382
0.182476
0.3837
0.8882
0.2529
-2.854804
11.388859
-2.812838
0.88347
0.182473
0.3837
0.8882
0.2529
-4.701487
11.910002
-2.431996
0.589059
0.591353
-0.3837
-0.8882
-0.2529
-3.967226
11.910002
-3.546034
0.490979
0.591336
-0.3837
-0.8882
-0.2529
-2.854804
11.220743
-2.812838
0.490894
0.682569
-0.3837
-0.8882
-0.2529
-2.854804
11.388859
-2.812838
0.88347
0.182473
-0.4358
0.8529
-0.2873
-3.589065
11.388859
-1.6988
0.785382
0.182476
-0.4358
0.8529
-0.2873
-2.491011
12.193697
-0.975074
0.785404
0.272542
-0.4358
0.8529
-0.2873
-2.854804
11.220743
-2.812838
0.490894
0.682569
0.4358
-0.8529
0.2873
-1.75675
12.025581
-2.089112
0.490991
0.772481
0.4358
-0.8529
0.2873
-2.491011
12.025581
-0.975074
0.58907
0.772498
0.4358
-0.8529
0.2873
-1.75675
12.193697
-2.089112
0.883493
0.272539
0.3913
0.8834
0.2579
-2.491011
12.193697
-0.975074
0.785404
0.272542
0.3913
0.8834
0.2579
-1.179003
11.360113
-0.110331
0.78538
0.379987
0.3913
0.8834
0.2579
-1.75675
12.025581
-2.089112
0.490991
0.772481
-0.3913
-0.8834
-0.2579
-0.444742
11.191998
-1.224369
0.490888
0.880085
-0.3913
-0.8834
-0.2579
-1.179003
11.191998
-0.110331
0.588967
0.880102
-0.3913
-0.8834
-0.2579
0.285005
12.221045
0.854596
0.094879
0.499952
0.835
0.0
0.5503
0.285005
12.052929
0.854596
0.096293
0.499873
0.835
0.0
0.5503
1.019267
12.052929
-0.259442
0.096306
0.418064
0.835
0.0
0.5503
-1.179003
11.360113
-0.110331
0.78538
0.379987
-0.368
0.8976
-0.2425
0.285005
12.221045
0.854596
0.785404
0.50005
-0.368
0.8976
-0.2425
1.019267
12.221045
-0.259442
0.883493
0.500046
-0.368
0.8976
-0.2425
-0.444742
11.191998
-1.224369
0.490888
0.880085
0.368
-0.8976
0.2425
1.019267
12.052929
-0.259442
0.490991
0.999983
0.368
-0.8976
0.2425
0.285005
12.052929
0.854596
0.58907
1.0
0.368
-0.8976
0.2425
0.859485
11.154037
-0.029738
0.687196
0.500034
-0.3677
-0.8701
0.3283
-0.135726
11.910002
0.858956
0.687287
0.591348
-0.3677
-0.8701
0.3283
-1.024419
11.910002
-0.136255
0.785374
0.591337
-0.3677
-0.8701
0.3283
0.859485
11.322152
-0.029738
0.361177
0.439861
0.7459
0.0
-0.6661
0.859485
11.154037
-0.029738
0.359761
0.439911
0.7459
0.0
-0.6661
-0.029208
11.154037
-1.024948
0.37112
0.499956
0.7459
0.0
-0.6661
-1.024419
12.078117
-0.136255
0.785374
0.591337
0.3677
0.8701
-0.3283
-0.135726
12.078117
0.858956
0.883532
0.591324
0.3677
0.8701
-0.3283
0.859485
11.322152
-0.029738
0.883465
0.500057
0.3677
0.8701
-0.3283
-1.024419
12.078117
-0.136255
0.087759
0.339871
-0.6661
0.0
-0.7459
-0.029208
11.322152
-1.024948
0.087759
0.410547
-0.6661
0.0
-0.7459
-0.029208
11.154037
-1.024948
0.089181
0.410659
-0.6661
0.0
-0.7459
-0.135726
12.078117
0.858956
0.372536
0.370935
0.6661
0.0
0.7459
-0.135726
11.910002
0.858956
0.37112
0.370986
0.6661
0.0
0.7459
0.859485
11.154037
-0.029738
0.359761
0.439911
0.6661
0.0
0.7459
-0.135726
12.078117
0.858956
0.883532
0.591324
-0.3427
0.8882
0.3061
-1.024419
12.078117
-0.136255
0.785374
0.591337
-0.3427
0.8882
0.3061
-2.018186
11.388859
0.75115
0.785385
0.682523
-0.3427
0.8882
0.3061
-0.135726
11.910002
0.858956
0.687287
0.591348
0.3427
-0.8882
-0.3061
-1.129492
11.220743
1.74636
0.687239
0.682417
0.3427
-0.8882
-0.3061
-2.018186
11.220743
0.75115
0.785326
0.682405
0.3427
-0.8882
-0.3061
-1.129492
11.388859
1.74636
0.883469
0.68253
0.3894
0.8529
-0.3477
-2.018186
11.388859
0.75115
0.785385
0.682523
0.3894
0.8529
-0.3477
-2.999117
12.193697
1.627092
0.785457
0.772477
0.3894
0.8529
-0.3477
-1.129492
11.220743
1.74636
0.687239
0.682417
-0.3894
-0.8529
0.3477
-2.110424
12.025581
2.622303
0.687294
0.772508
-0.3894
-0.8529
0.3477
-2.999117
12.025581
1.627092
0.78538
0.772496
-0.3894
-0.8529
0.3477
-2.110424
12.193697
2.622303
0.883541
0.772484
-0.3495
0.8834
0.3121
-2.999117
12.193697
1.627092
0.785457
0.772477
-0.3495
0.8834
0.3121
-4.171182
11.360113
2.673711
0.78538
0.880048
-0.3495
0.8834
0.3121
-2.999117
12.025581
1.627092
0.78538
0.772496
0.3495
-0.8834
-0.3121
-2.110424
12.025581
2.622303
0.687294
0.772508
0.3495
-0.8834
-0.3121
-3.282488
11.191998
3.668921
0.687236
0.879912
0.3495
-0.8834
-0.3121
-5.479034
12.221045
3.841584
0.089183
0.410489
-0.7459
0.0
0.6661
-5.479034
12.052929
3.841584
0.090611
0.410489
-0.7459
0.0
0.6661
-4.59034
12.052929
4.836794
0.090611
0.337814
-0.7459
0.0
0.6661
-3.282488
11.360113
3.668921
0.883464
0.880055
0.3287
0.8976
-0.2936
-4.171182
11.360113
2.673711
0.78538
0.880048
0.3287
0.8976
-0.2936
-5.479034
12.221045
3.841584
0.785457
0.999993
0.3287
0.8976
-0.2936
-3.282488
11.191998
3.668921
0.687236
0.879912
-0.3287
-0.8976
0.2936
-4.59034
12.052929
4.836794
0.687294
1.0
-0.3287
-0.8976
0.2936
-5.479034
12.052929
3.841584
0.78538
0.999988
-0.3287
-0.8976
0.2936
0.305382
11.154037
-0.881889
0.098198
0.499952
0.1819
-0.8701
0.4582
0.79776
11.910002
0.358186
0.098317
0.591307
0.1819
-0.8701
0.4582
-0.442314
11.910002
0.850564
0.196389
0.591312
0.1819
-0.8701
0.4582
0.305382
11.322152
-0.881889
0.092024
0.499952
-0.369
0.0
-0.9294
0.305382
11.154037
-0.881889
0.093451
0.499952
-0.369
0.0
-0.9294
-0.934692
11.154037
-0.38951
0.093451
0.413842
-0.369
0.0
-0.9294
-0.442314
12.078117
0.850564
0.392795
0.591313
-0.1819
0.8701
-0.4582
0.79776
12.078117
0.358186
0.49088
0.591307
-0.1819
0.8701
-0.4582
0.305382
11.322152
-0.881889
0.49082
0.499956
-0.1819
0.8701
-0.4582
-0.442314
12.078117
0.850564
0.0906
0.412409
-0.9294
0.0
0.369
-0.934692
11.322152
-0.38951
0.0906
0.499861
-0.9294
0.0
0.369
-0.934692
11.154037
-0.38951
0.092024
0.499952
-0.9294
0.0
0.369
0.79776
12.078117
0.358186
0.096774
0.419124
0.9294
0.0
-0.369
0.79776
11.910002
0.358186
0.098191
0.419113
0.9294
0.0
-0.369
0.305382
11.154037
-0.881889
0.098191
0.338846
0.9294
0.0
-0.369
0.79776
12.078117
0.358186
0.49088
0.591307
0.1696
0.8882
0.4271
-0.442314
12.078117
0.850564
0.392795
0.591313
0.1696
0.8882
0.4271
0.04935
11.388859
2.08884
0.392739
0.682441
0.1696
0.8882
0.4271
0.79776
11.910002
0.358186
0.098317
0.591307
-0.1696
-0.8882
-0.4271
1.289424
11.220743
1.596461
0.098206
0.68249
-0.1696
-0.8882
-0.4271
0.04935
11.220743
2.08884
0.196278
0.682495
-0.1696
-0.8882
-0.4271
1.289424
11.388859
1.596461
0.490824
0.682434
-0.1926
0.8529
-0.4852
0.04935
11.388859
2.08884
0.392739
0.682441
-0.1926
0.8529
-0.4852
0.534663
12.193697
3.311121
0.392803
0.772484
-0.1926
0.8529
-0.4852
1.289424
11.220743
1.596461
0.098206
0.68249
0.1926
-0.8529
0.4852
1.774738
12.025581
2.818743
0.098332
0.772475
0.1926
-0.8529
0.4852
0.534663
12.025581
3.311121
0.196404
0.772479
0.1926
-0.8529
0.4852
0.534663
12.193697
3.311121
0.392803
0.772484
0.1729
0.8834
0.4356
1.11454
11.360113
4.771563
0.392734
0.87996
0.1729
0.8834
0.4356
2.354614
11.360113
4.279184
0.490819
0.879954
0.1729
0.8834
0.4356
1.774738
12.025581
2.818743
0.098332
0.772475
-0.1729
-0.8834
-0.4356
2.354614
11.191998
4.279184
0.098198
0.880018
-0.1729
-0.8834
-0.4356
1.11454
11.191998
4.771563
0.19627
0.880023
-0.1729
-0.8834
-0.4356
1.761597
12.221045
6.401202
0.093451
0.499952
0.369
0.0
0.9294
1.761597
12.052929
6.401202
0.094879
0.499952
0.369
0.0
0.9294
3.001672
12.052929
5.908823
0.094879
0.418523
0.369
0.0
0.9294
1.11454
11.360113
4.771563
0.392734
0.87996
-0.1626
0.8976
-0.4096
1.761597
12.221045
6.401202
0.392803
1.0
-0.1626
0.8976
-0.4096
3.001672
12.221045
5.908823
0.490888
0.999994
-0.1626
0.8976
-0.4096
1.11454
11.191998
4.771563
0.19627
0.880023
0.1626
-0.8976
0.4096
2.354614
11.191998
4.279184
0.098198
0.880018
0.1626
-0.8976
0.4096
3.001672
12.052929
5.908823
0.098332
0.999995
0.1626
-0.8976
0.4096
-6.892581
11.154037
-0.235444
0.098198
0.000223
0.4912
-0.8701
-0.0422
-5.563221
11.910002
-0.349583
0.098221
0.091404
0.4912
-0.8701
-0.0422
-5.449082
11.910002
0.979775
0.19631
0.09141
0.4912
-0.8701
-0.0422
-6.892581
11.322152
-0.235444
0.325505
0.408652
-0.9963
0.0
0.0855
-6.892581
11.154037
-0.235444
0.324078
0.408652
-0.9963
0.0
0.0855
-6.77844
11.154037
1.093914
0.324078
0.499956
-0.9963
0.0
0.0855
-5.449082
12.078117
0.979775
0.98166
0.908632
-0.4912
0.8701
0.0422
-5.563221
12.078117
-0.349583
0.883571
0.908627
-0.4912
0.8701
0.0422
-6.892581
11.322152
-0.235444
0.883541
0.999995
-0.4912
0.8701
0.0422
-5.449082
12.078117
0.979775
0.316968
0.409792
0.0855
0.0
0.9963
-6.77844
11.322152
1.093914
0.316968
0.499868
0.0855
0.0
0.9963
-6.77844
11.154037
1.093914
0.318392
0.499956
0.0855
0.0
0.9963
-5.563221
12.078117
-0.349583
0.326928
0.408457
-0.0855
0.0
-0.9963
-5.563221
11.910002
-0.349583
0.325505
0.408563
-0.0855
0.0
-0.9963
-6.892581
11.154037
-0.235444
0.326928
0.499956
-0.0855
0.0
-0.9963
-5.563221
12.078117
-0.349583
0.883571
0.908627
0.4578
0.8882
-0.0393
-5.449082
12.078117
0.979775
0.98166
0.908632
0.4578
0.8882
-0.0393
-4.121653
11.388859
0.865801
0.981631
0.817526
0.4578
0.8882
-0.0393
-5.563221
11.910002
-0.349583
0.098221
0.091404
-0.4578
-0.8882
0.0393
-4.235792
11.220743
-0.463557
0.098199
0.182662
-0.4578
-0.8882
0.0393
-4.121653
11.220743
0.865801
0.196288
0.182669
-0.4578
-0.8882
0.0393
-4.121653
11.388859
0.865801
0.981631
0.817526
-0.5201
0.8529
0.0447
-2.811368
12.193697
0.753299
0.981663
0.727463
-0.5201
0.8529
0.0447
-2.925508
12.193697
-0.576059
0.883575
0.727459
-0.5201
0.8529
0.0447
-4.235792
11.220743
-0.463557
0.098199
0.182662
0.5201
-0.8529
-0.0447
-2.925508
12.025581
-0.576059
0.098224
0.272526
0.5201
-0.8529
-0.0447
-2.811368
12.025581
0.753299
0.196313
0.272533
0.5201
-0.8529
-0.0447
-2.925508
12.193697
-0.576059
0.883575
0.727459
0.4669
0.8834
-0.0401
-2.811368
12.193697
0.753299
0.981663
0.727463
0.4669
0.8834
-0.0401
-1.245776
11.360113
0.618877
0.981629
0.620014
0.4669
0.8834
-0.0401
-2.925508
12.025581
-0.576059
0.098224
0.272526
-0.4669
-0.8834
0.0401
-1.359917
11.191998
-0.710481
0.098198
0.380161
-0.4669
-0.8834
0.0401
-1.245776
11.191998
0.618877
0.196286
0.380167
-0.4669
-0.8834
0.0401
0.501195
12.221045
0.468881
0.090611
0.410489
0.9963
0.0
-0.0855
0.501195
12.052929
0.468881
0.089183
0.410489
0.9963
0.0
-0.0855
0.387055
12.052929
-0.860478
0.089183
0.499919
0.9963
0.0
-0.0855
-1.245776
11.360113
0.618877
0.981629
0.620014
-0.4391
0.8976
0.0377
0.501195
12.221045
0.468881
0.981663
0.499954
-0.4391
0.8976
0.0377
0.387055
12.221045
-0.860478
0.883575
0.49995
-0.4391
0.8976
0.0377
-1.359917
11.191998
-0.710481
0.098198
0.380161
0.4391
-0.8976
-0.0377
0.387055
12.052929
-0.860478
0.098198
0.499952
0.4391
-0.8976
-0.0377
0.501195
12.052929
0.468881
0.196313
0.500011
0.4391
-0.8976
-0.0377
-0.535371
-0.122287
0.202499
0.220211
0.290616
0.0
-1.0
0.0
-0.535371
-0.122287
-0.351901
0.220211
0.328554
0.0
-1.0
0.0
-0.055246
-0.122287
-0.629101
0.255502
0.347521
0.0
-1.0
0.0
0.424878
-0.122287
0.202499
0.290794
0.29061
0.0
-1.0
0.0
-0.055246
-0.122287
0.479699
0.255502
0.271644
0.0
-1.0
0.0
-0.535371
-0.122287
0.202499
0.220211
0.290616
0.0
-1.0
0.0
-0.055246
1.692528
-0.998725
0.490191
0.341144
0.2504
0.8656
-0.4337
-0.055246
1.877713
-0.629101
0.466645
0.328507
0.2504
0.8656
-0.4337
0.744982
1.692528
-0.536713
0.431364
0.372755
0.2504
0.8656
-0.4337
-0.055246
-0.122287
-0.629101
0.255502
0.347521
0.0
-1.0
0.0
0.424878
-0.122287
0.202499
0.290794
0.29061
0.0
-1.0
0.0
-0.535371
-0.122287
0.202499
0.220211
0.290616
0.0
-1.0
0.0
-0.055246
3.674011
-1.004159
0.372536
0.468158
0.2657
0.8472
-0.4601
-0.055246
3.877713
-0.629101
0.396411
0.455305
0.2657
0.8472
-0.4601
0.749687
3.674009
-0.53943
0.372536
0.404557
0.2657
0.8472
-0.4601
-0.055246
5.636972
-0.963835
0.996753
0.346049
0.3194
0.7693
-0.5533
-0.055246
5.877713
-0.629101
0.975424
0.33461
0.3194
0.7693
-0.5533
0.714766
5.636972
-0.519268
0.940147
0.376467
0.3194
0.7693
-0.5533
0.744982
1.692528
-0.536713
0.431364
0.372755
0.5008
0.8656
0.0
0.424878
1.877713
-0.351901
0.431349
0.347474
0.5008
0.8656
0.0
0.744982
1.692528
0.387311
0.372536
0.341135
0.5008
0.8656
0.0
0.749687
3.674009
-0.53943
0.372536
0.404557
0.5313
0.8472
0.0
0.424878
3.877713
-0.351901
0.396411
0.417369
0.5313
0.8472
0.0
0.749687
3.674009
0.390027
0.431712
0.372755
0.5313
0.8472
0.0
0.714766
5.636972
0.369865
0.883541
0.346041
0.6389
0.7693
-0.0
0.714766
5.636972
-0.519268
0.940147
0.376467
0.6389
0.7693
-0.0
0.424878
5.877713
0.202499
0.904832
0.334605
0.6389
0.7693
-0.0
0.744982
1.692528
0.387311
0.372536
0.341135
0.2504
0.8656
0.4337
0.424878
1.877713
0.202499
0.396054
0.328502
0.2504
0.8656
0.4337
-0.055246
1.692528
0.849322
0.372536
0.277904
0.2504
0.8656
0.4337
0.749687
3.674009
0.390027
0.431712
0.372755
0.2657
0.8472
0.4601
0.424878
3.877713
0.202499
0.431708
0.3984
0.2657
0.8472
0.4601
-0.055246
3.674009
0.854756
0.490888
0.404554
0.2657
0.8472
0.4601
-0.055246
5.636972
0.814432
0.883541
0.285197
0.3194
0.7693
0.5533
0.714766
5.636972
0.369865
0.883541
0.346041
0.3194
0.7693
0.5533
-0.055246
5.877713
0.479699
0.904832
0.296667
0.3194
0.7693
0.5533
-0.055246
1.692528
0.849322
0.372536
0.277904
-0.2504
0.8656
0.4337
-0.055246
1.877713
0.479699
0.396054
0.290565
-0.2504
0.8656
0.4337
-0.855474
1.692528
0.38731
0.431364
0.246293
-0.2504
0.8656
0.4337
-0.055246
3.674009
0.854756
0.490888
0.404554
-0.2657
0.8472
0.4601
-0.055246
3.877713
0.479699
0.467005
0.417367
-0.2657
0.8472
0.4601
-0.86018
3.674009
0.390027
0.490888
0.468154
-0.2657
0.8472
0.4601
-0.825258
5.636972
0.369865
0.940149
0.254779
-0.3194
0.7693
0.5533
-0.055246
5.636972
0.814432
0.883541
0.285197
-0.3194
0.7693
0.5533
-0.535371
5.877713
0.202499
0.940128
0.277701
-0.3194
0.7693
0.5533
-0.855474
1.692528
-0.536713
0.490191
0.277912
-0.2504
0.8656
-0.4337
-0.535371
1.877713
-0.351901
0.466645
0.29057
-0.2504
0.8656
-0.4337
-0.055246
1.692528
-0.998725
0.490191
0.341144
-0.2504
0.8656
-0.4337
-0.86018
3.674009
-0.53943
0.431712
0.499956
-0.2657
0.8472
-0.4601
-0.535371
3.877713
-0.351901
0.431708
0.474272
-0.2657
0.8472
-0.4601
-0.055246
3.674011
-1.004159
0.372536
0.468158
-0.2657
0.8472
-0.4601
-0.825258
5.636972
-0.519268
0.996753
0.285205
-0.3194
0.7693
-0.5533
-0.535371
5.877713
-0.351901
0.975424
0.296672
-0.3194
0.7693
-0.5533
-0.055246
5.636972
-0.963835
0.996753
0.346049
-0.3194
0.7693
-0.5533
-0.855474
1.692528
0.38731
0.431364
0.246293
-0.5008
0.8656
0.0
-0.535371
1.877713
0.202499
0.431349
0.271598
-0.5008
0.8656
0.0
-0.855474
1.692528
-0.536713
0.490191
0.277912
-0.5008
0.8656
0.0
-0.86018
3.674009
0.390027
0.490888
0.468154
-0.5313
0.8472
0.0
-0.535371
3.877713
0.202499
0.467005
0.455303
-0.5313
0.8472
0.0
-0.86018
3.674009
-0.53943
0.431712
0.499956
-0.5313
0.8472
0.0
-0.825258
5.636972
0.369865
0.940149
0.254779
-0.6389
0.7693
0.0
-0.535371
5.877713
0.202499
0.940128
0.277701
-0.6389
0.7693
0.0
-0.825258
5.636972
-0.519268
0.996753
0.285205
-0.6389
0.7693
0.0
0.424878
-0.122287
-0.351901
0.290794
0.328548
0.4924
-0.1737
-0.8529
-0.055246
-0.122287
-0.629101
0.255502
0.347521
0.4924
-0.1737
-0.8529
0.744982
1.692528
-0.536713
0.314045
0.341118
0.4924
-0.1737
-0.8529
0.424878
-0.122287
-0.351901
0.290794
0.328548
0.9848
-0.1737
0.0
0.744982
1.692528
-0.536713
0.314045
0.341118
0.9848
-0.1737
0.0
0.424878
-0.122287
0.202499
0.290794
0.29061
0.9848
-0.1737
0.0
-0.055246
-0.122287
0.479699
0.255502
0.271644
0.4924
-0.1737
0.8529
0.424878
-0.122287
0.202499
0.290794
0.29061
0.4924
-0.1737
0.8529
-0.055246
1.692528
0.849322
0.255225
0.246274
0.4924
-0.1737
0.8529
-0.055246
-0.122287
0.479699
0.255502
0.271644
-0.4924
-0.1737
0.8529
-0.055246
1.692528
0.849322
0.255225
0.246274
-0.4924
-0.1737
0.8529
-0.535371
-0.122287
0.202499
0.220211
0.290616
-0.4924
-0.1737
0.8529
-0.535371
-0.122287
-0.351901
0.220211
0.328554
-0.4924
-0.1737
-0.8529
-0.855474
1.692528
-0.536713
0.196404
0.341128
-0.4924
-0.1737
-0.8529
-0.055246
-0.122287
-0.629101
0.255502
0.347521
-0.4924
-0.1737
-0.8529
-0.535371
-0.122287
0.202499
0.220211
0.290616
-0.9848
-0.1737
0.0
-0.855474
1.692528
0.38731
0.196404
0.277896
-0.9848
-0.1737
0.0
-0.535371
-0.122287
-0.351901
0.220211
0.328554
-0.9848
-0.1737
0.0
-0.055246
1.877713
-0.629101
0.220074
0.417549
0.492
-0.1779
-0.8522
-0.055246
3.674011
-1.004159
0.196404
0.404529
0.492
-0.1779
-0.8522
0.424878
1.877713
-0.351901
0.220074
0.455485
0.492
-0.1779
-0.8522
0.424878
1.877713
0.202499
0.255368
0.474459
0.984
-0.1779
0.0
0.424878
1.877713
-0.351901
0.220074
0.455485
0.984
-0.1779
0.0
0.749687
3.674009
0.390027
0.255575
0.499939
0.984
-0.1779
0.0
0.424878
1.877713
0.202499
0.255368
0.474459
0.492
-0.1779
0.8522
0.749687
3.674009
0.390027
0.255575
0.499939
0.492
-0.1779
0.8522
-0.055246
1.877713
0.479699
0.290662
0.455497
0.492
-0.1779
0.8522
-0.535371
1.877713
0.202499
0.290662
0.417561
-0.492
-0.1779
0.8522
-0.055246
1.877713
0.479699
0.290662
0.455497
-0.492
-0.1779
0.8522
-0.86018
3.674009
0.390027
0.314745
0.404549
-0.492
-0.1779
0.8522
-0.055246
1.877713
-0.629101
0.220074
0.417549
-0.492
-0.1779
-0.8522
-0.535371
1.877713
-0.351901
0.255368
0.398587
-0.492
-0.1779
-0.8522
-0.055246
3.674011
-1.004159
0.196404
0.404529
-0.492
-0.1779
-0.8522
-0.535371
1.877713
-0.351901
0.255368
0.398587
-0.984
-0.1779
0.0
-0.535371
1.877713
0.202499
0.290662
0.417561
-0.984
-0.1779
0.0
-0.86018
3.674009
-0.53943
0.255575
0.372739
-0.984
-0.1779
0.0
-0.055246
3.877713
-0.629101
0.975379
0.174721
0.4933
-0.1626
-0.8545
-0.055246
5.636972
-0.963835
0.996757
0.163522
0.4933
-0.1626
-0.8545
0.424878
3.877713
-0.351901
0.940082
0.155757
0.4933
-0.1626
-0.8545
0.424878
3.877713
-0.351901
0.940082
0.155757
0.9867
-0.1626
0.0
0.714766
5.636972
-0.519268
0.940149
0.133108
0.9867
-0.1626
0.0
0.424878
3.877713
0.202499
0.904785
0.174726
0.9867
-0.1626
0.0
-0.055246
3.877713
0.479699
0.904785
0.212659
0.4933
-0.1626
0.8545
0.424878
3.877713
0.202499
0.904785
0.174726
0.4933
-0.1626
0.8545
-0.055246
5.636972
0.814432
0.883541
0.224366
0.4933
-0.1626
0.8545
-0.055246
3.877713
0.479699
0.904785
0.212659
-0.4933
-0.1626
0.8545
-0.055246
5.636972
0.814432
0.883541
0.224366
-0.4933
-0.1626
0.8545
-0.535371
3.877713
0.202499
0.940082
0.231623
-0.4933
-0.1626
0.8545
-0.055246
3.877713
-0.629101
0.975379
0.174721
-0.4933
-0.1626
-0.8545
-0.535371
3.877713
-0.351901
0.975379
0.212654
-0.4933
-0.1626
-0.8545
-0.055246
5.636972
-0.963835
0.996757
0.163522
-0.4933
-0.1626
-0.8545
-0.535371
3.877713
0.202499
0.940082
0.231623
-0.9867
-0.1626
0.0
-0.825258
5.636972
0.369865
0.940149
0.254779
-0.9867
-0.1626
0.0
-0.535371
3.877713
-0.351901
0.975379
0.212654
-0.9867
-0.1626
0.0
0.424878
5.877713
-0.351901
0.976518
0.420999
0.4877
-0.2208
-0.8447
-0.055246
5.877713
-0.629101
0.976014
0.458932
0.4877
-0.2208
-0.8447
0.745899
7.288605
-0.535366
1.0
0.408671
0.4877
-0.2208
-0.8447
0.424878
5.877713
-0.351901
0.976518
0.420999
0.9751
-0.2219
0.0
0.745899
7.288605
-0.535366
1.0
0.408671
0.9751
-0.2219
0.0
0.424878
5.877713
0.202499
0.941479
0.401621
0.9751
-0.2219
0.0
0.424878
5.877713
0.202499
0.941479
0.401621
0.4877
-0.2208
0.8447
0.745899
7.288605
0.385963
0.94177
0.376467
0.4877
-0.2208
0.8447
-0.055246
5.877713
0.479699
0.905936
0.420175
0.4877
-0.2208
0.8447
-0.055246
5.877713
0.479699
0.905936
0.420175
-0.4852
-0.2416
0.8404
-0.03026
7.103638
0.846628
0.883541
0.406004
-0.4852
-0.2416
0.8404
-0.535371
5.877713
0.202499
0.905432
0.458108
-0.4852
-0.2416
0.8404
-0.055246
5.877713
-0.629101
0.976014
0.458932
-0.4852
-0.2416
-0.8404
-0.535371
5.877713
-0.351901
0.940471
0.477487
-0.4852
-0.2416
-0.8404
-0.03026
7.10364
-0.996031
1.0
0.470412
-0.4852
-0.2416
-0.8404
-0.535371
5.877713
0.202499
0.905432
0.458108
-0.9677
-0.252
0.0
-0.806419
6.918672
0.385963
0.883541
0.467745
-0.9677
-0.252
0.0
-0.535371
5.877713
-0.351901
0.940471
0.477487
-0.9677
-0.252
0.0
-1.079635
11.154037
0.592423
0.687158
0.000246
0.493
-0.8701
0.0
-1.079635
11.154037
-0.741826
0.58907
0.000237
0.493
-0.8701
0.0
0.254615
11.910002
0.592423
0.687192
0.09143
0.493
-0.8701
0.0
-1.079635
11.322152
0.592423
0.321223
0.408933
-1.0
0.0
0.0
-1.079635
11.322152
-0.741826
0.321223
0.499956
-1.0
0.0
0.0
-1.079635
11.154037
0.592423
0.32265
0.408933
-1.0
0.0
0.0
0.254615
12.078117
0.592423
0.589001
0.408739
-0.493
0.8701
0.0
0.254615
12.078117
-0.741826
0.490912
0.408735
-0.493
0.8701
0.0
-1.079635
11.322152
0.592423
0.588977
0.500109
-0.493
0.8701
0.0
0.254615
11.910002
0.592423
0.99667
0.593016
0.0
0.0
1.0
0.254615
12.078117
0.592423
0.998098
0.593017
0.0
0.0
1.0
-1.079635
11.154037
0.592423
0.990344
0.502086
0.0
0.0
1.0
0.254615
11.910002
-0.741826
0.988055
0.908758
-0.0
0.0
-1.0
0.254615
12.078117
-0.741826
0.989482
0.908756
-0.0
0.0
-1.0
1.586927
11.220743
-0.741826
0.982109
0.817658
-0.0
0.0
-1.0
-1.079635
11.322152
-0.741826
0.983157
0.999999
-0.0
0.0
-1.0
0.254615
12.078117
-0.741826
0.989482
0.908756
-0.0
0.0
-1.0
-1.079635
11.154037
-0.741826
0.981729
1.0
-0.0
0.0
-1.0
-0.953241
10.976662
-0.96589
0.938749
0.133108
0.184
0.765
-0.6172
-1.021928
11.264886
-0.629101
0.943769
0.110052
0.184
0.765
-0.6172
-0.202473
11.155577
-0.520296
0.883541
0.102612
0.184
0.765
-0.6172
-0.202473
11.155577
-0.520296
0.883541
0.102612
0.5306
0.8476
0.0
-0.554883
11.376188
-0.351901
0.909425
0.091081
0.5306
0.8476
0.0
-0.202473
11.155577
0.370893
0.883541
0.041626
0.5306
0.8476
0.0
-0.202473
11.155577
0.370893
0.883541
0.041626
0.184
0.765
0.6172
-0.554883
11.376188
0.202499
0.909425
0.053142
0.184
0.765
0.6172
-0.953241
10.976661
0.816488
0.938749
0.011136
0.184
0.765
0.6172
-0.953241
10.976661
0.816488
0.938749
0.011136
-0.5092
0.5998
0.6172
-1.021928
11.264886
0.479699
0.943769
0.034174
-0.5092
0.5998
0.6172
-1.704009
10.797745
0.370893
0.993957
0.041632
-0.5092
0.5998
0.6172
-1.021928
11.264886
0.479699
0.943769
0.034174
-0.2318
0.9728
-0.0
-0.554883
11.376188
0.202499
0.909425
0.053142
-0.2318
0.9728
-0.0
-0.554883
11.376188
-0.351901
0.909425
0.091081
-0.2318
0.9728
-0.0
-1.488974
11.153584
-0.351901
0.978113
0.091084
-0.2318
0.9728
-0.0
-1.488974
11.153584
0.202499
0.978113
0.053146
-0.2318
0.9728
-0.0
-1.021928
11.264886
0.479699
0.943769
0.034174
-0.2318
0.9728
-0.0
-1.704009
10.797745
-0.520296
0.993957
0.102618
-0.5092
0.5998
-0.6172
-1.488974
11.153584
-0.351901
0.978113
0.091084
-0.5092
0.5998
-0.6172
-0.953241
10.976662
-0.96589
0.938749
0.133108
-0.5092
0.5998
-0.6172
-0.554883
11.376188
-0.351901
0.909425
0.091081
-0.2318
0.9728
-0.0
-1.488974
11.153584
-0.351901
0.978113
0.091084
-0.2318
0.9728
-0.0
-1.021928
11.264886
0.479699
0.943769
0.034174
-0.2318
0.9728
-0.0
-1.704009
10.797745
0.370893
0.993957
0.041632
-0.8559
0.5172
0.0
-1.488974
11.153584
0.202499
0.978113
0.053146
-0.8559
0.5172
0.0
-1.704009
10.797745
-0.520296
0.993957
0.102618
-0.8559
0.5172
0.0
-0.03026
7.10364
-0.996031
0.253479
0.246274
0.1456
0.8087
-0.57
-0.094654
7.37385
-0.629101
0.258186
0.221156
0.1456
0.8087
-0.57
0.745899
7.288605
-0.535366
0.196404
0.214747
0.1456
0.8087
-0.57
-0.502483
9.085186
-1.004056
0.372536
0.216432
0.1034
0.8505
-0.5158
-0.558291
9.319368
-0.629101
0.39833
0.206599
0.1034
0.8505
-0.5158
0.280438
9.271763
-0.539379
0.372536
0.154115
0.1034
0.8505
-0.5158
0.745899
7.288605
-0.535366
0.196404
0.214747
0.4657
0.885
0.0
0.372392
7.485151
-0.351901
0.223842
0.202185
0.4657
0.885
0.0
0.745899
7.288605
0.385963
0.196404
0.151698
0.4657
0.885
0.0
0.280438
9.271763
-0.539379
0.372536
0.154115
0.3931
0.9195
-0.0
-0.091246
9.43067
-0.351901
0.39833
0.169424
0.3931
0.9195
-0.0
0.280438
9.271763
0.389976
0.431292
0.121659
0.3931
0.9195
-0.0
0.745899
7.288605
0.385963
0.196404
0.151698
0.1456
0.8087
0.57
0.372391
7.485151
0.202499
0.223842
0.164246
0.1456
0.8087
0.57
-0.03026
7.103638
0.846628
0.253479
0.120177
0.1456
0.8087
0.57
0.280438
9.271763
0.389976
0.431292
0.121659
0.1034
0.8505
0.5158
-0.091246
9.43067
0.202499
0.433381
0.150063
0.1034
0.8505
0.5158
-0.502483
9.085185
0.854654
0.490048
0.15152
0.1034
0.8505
0.5158
-0.03026
7.103638
0.846628
0.253479
0.120177
-0.4946
0.6561
0.57
-0.094654
7.373849
0.479699
0.258186
0.145279
-0.4946
0.6561
0.57
-0.806419
6.918672
0.385963
0.310554
0.151705
-0.4946
0.6561
0.57
-1.285403
8.898607
0.389976
0.490048
0.213837
-0.4759
0.7124
0.5158
-0.502483
9.085185
0.854654
0.490048
0.15152
-0.4759
0.7124
0.5158
-1.025337
9.208067
0.202499
0.468431
0.205051
-0.4759
0.7124
0.5158
-0.03026
7.10364
-0.996031
0.253479
0.246274
-0.4946
0.6561
-0.57
-0.806419
6.918672
-0.535366
0.310554
0.214753
-0.4946
0.6561
-0.57
-0.094654
7.37385
-0.629101
0.258186
0.221156
-0.4946
0.6561
-0.57
-1.285403
8.898607
-0.539379
0.431292
0.246293
-0.4759
0.7124
-0.5158
-1.025337
9.208067
-0.351901
0.433381
0.224412
-0.4759
0.7124
-0.5158
-0.502483
9.085186
-1.004056
0.372536
0.216432
-0.4759
0.7124
-0.5158
-0.806419
6.918672
0.385963
0.310554
0.151705
-0.8147
0.5798
0.0
-0.5617
7.262547
0.202499
0.29253
0.16425
-0.8147
0.5798
0.0
-0.806419
6.918672
-0.535366
0.310554
0.214753
-0.8147
0.5798
0.0
-1.285403
8.898607
0.389976
0.490048
0.213837
-0.7656
0.6434
0.0
-1.025337
9.208067
0.202499
0.468431
0.205051
-0.7656
0.6434
0.0
-1.285403
8.898607
-0.539379
0.431292
0.246293
-0.7656
0.6434
0.0
-0.094654
7.37385
-0.629101
0.328351
0.412899
0.5204
-0.0626
-0.8516
-0.502483
9.085186
-1.004056
0.343691
0.439394
0.5204
-0.0626
-0.8516
0.372392
7.485151
-0.351901
0.328351
0.381689
0.5204
-0.0626
-0.8516
0.372392
7.485151
-0.351901
0.343882
0.48775
0.9987
0.0514
0.0
0.280438
9.271763
-0.539379
0.359761
0.499956
0.9987
0.0514
0.0
0.372391
7.485151
0.202499
0.343882
0.450075
0.9987
0.0514
0.0
0.372391
7.485151
0.202499
0.328351
0.381689
0.5204
-0.0626
0.8516
0.280438
9.271763
0.389976
0.343675
0.377009
0.5204
-0.0626
0.8516
-0.094654
7.373849
0.479699
0.328351
0.351581
0.5204
-0.0626
0.8516
-0.5617
7.262547
0.202499
0.053446
0.417462
-0.4362
-0.2906
0.8516
-0.094654
7.373849
0.479699
0.087759
0.398485
-0.4362
-0.2906
0.8516
-1.285403
8.898607
0.389976
0.0
0.404569
-0.4362
-0.2906
0.8516
-0.5617
7.262547
-0.351901
0.053446
0.4554
-0.4362
-0.2906
-0.8516
-1.285403
8.898607
-0.539379
0.0
0.468166
-0.4362
-0.2906
-0.8516
-0.094654
7.37385
-0.629101
0.087759
0.474362
-0.4362
-0.2906
-0.8516
-0.5617
7.262547
0.202499
0.053446
0.417462
-0.9145
-0.4045
0.0
-1.285403
8.898607
0.389976
0.0
0.404569
-0.9145
-0.4045
0.0
-0.5617
7.262547
-0.351901
0.053446
0.4554
-0.9145
-0.4045
0.0
-0.558291
9.319368
-0.629101
0.343882
0.411072
0.5185
-0.0499
-0.8536
-0.953241
10.976662
-0.96589
0.35874
0.436801
0.5185
-0.0499
-0.8536
-0.091246
9.43067
-0.351901
0.343882
0.379862
0.5185
-0.0499
-0.8536
-0.091246
9.43067
-0.351901
0.343882
0.450075
0.9979
0.0643
0.0
-0.202473
11.155577
-0.520296
0.328351
0.439394
0.9979
0.0643
0.0
-0.091246
9.43067
0.202499
0.343882
0.487818
0.9979
0.0643
0.0
-0.558291
9.319367
0.479699
0.343882
0.349754
0.5185
-0.0499
0.8536
-0.091246
9.43067
0.202499
0.343882
0.379862
0.5185
-0.0499
0.8536
-0.953241
10.976661
0.816488
0.358727
0.325339
0.5185
-0.0499
0.8536
-1.025337
9.208067
0.202499
0.737365
0.420062
-0.4403
-0.2784
0.8536
-0.558291
9.319367
0.479699
0.771678
0.401085
-0.4403
-0.2784
0.8536
-1.704009
10.797745
0.370893
0.687236
0.408476
-0.4403
-0.2784
0.8536
-1.025337
9.208067
-0.351901
0.737365
0.458
-0.4403
-0.2784
-0.8536
-1.704009
10.797745
-0.520296
0.687236
0.469462
-0.4403
-0.2784
-0.8536
-0.558291
9.319368
-0.629101
0.771677
0.476962
-0.4403
-0.2784
-0.8536
-1.025337
9.208067
0.202499
0.737365
0.420062
-0.9197
-0.3926
0.0
-1.704009
10.797745
0.370893
0.687236
0.408476
-0.9197
-0.3926
0.0
-1.025337
9.208067
-0.351901
0.737365
0.458
-0.9197
-0.3926
0.0
2.902032
12.025581
-0.741826
0.988851
0.727725
-0.0
0.0
-1.0
1.586927
11.220743
-0.741826
0.982109
0.817658
-0.0
0.0
-1.0
2.902032
12.193697
-0.741826
0.990279
0.727724
-0.0
0.0
-1.0
0.254615
12.078117
-0.741826
0.490912
0.408735
0.4595
0.8882
0.0
0.254615
12.078117
0.592423
0.589001
0.408739
0.4595
0.8882
0.0
1.586927
11.388859
-0.741826
0.49089
0.317632
0.4595
0.8882
0.0
1.586927
11.388859
0.592423
0.992152
0.683804
0.0
0.0
1.0
0.254615
12.078117
0.592423
0.998098
0.593017
0.0
0.0
1.0
1.586927
11.220743
0.592423
0.990725
0.683803
0.0
0.0
1.0
0.254615
11.910002
0.592423
0.687192
0.09143
-0.4595
-0.8882
0.0
0.254615
11.910002
-0.741826
0.589104
0.091421
-0.4595
-0.8882
0.0
1.586927
11.220743
0.592423
0.68716
0.182687
-0.4595
-0.8882
0.0
2.902032
12.025581
-0.741826
0.988851
0.727725
-0.0
0.0
-1.0
2.902032
12.193697
-0.741826
0.990279
0.727724
-0.0
0.0
-1.0
4.473383
11.191998
-0.741826
0.981664
0.620281
-0.0
0.0
-1.0
1.586927
11.388859
-0.741826
0.49089
0.317632
-0.522
0.8529
0.0
1.586927
11.388859
0.592423
0.588978
0.317636
-0.522
0.8529
0.0
2.902032
12.193697
-0.741826
0.490915
0.227567
-0.522
0.8529
0.0
1.586927
11.388859
0.592423
0.992152
0.683804
0.0
0.0
1.0
1.586927
11.220743
0.592423
0.990725
0.683803
0.0
0.0
1.0
2.902032
12.193697
0.592423
0.998894
0.77343
0.0
0.0
1.0
1.586927
11.220743
0.592423
0.68716
0.182687
0.522
-0.8529
0.0
1.586927
11.220743
-0.741826
0.589072
0.182678
0.522
-0.8529
0.0
2.902032
12.025581
0.592423
0.687196
0.272554
0.522
-0.8529
0.0
6.226781
12.052929
-0.741826
0.988851
0.500376
-0.0
0.0
-1.0
4.473383
11.191998
-0.741826
0.981664
0.620281
-0.0
0.0
-1.0
6.226781
12.221045
-0.741826
0.990279
0.500375
-0.0
0.0
-1.0
2.902032
12.193697
-0.741826
0.490915
0.227567
0.4686
0.8834
0.0
2.902032
12.193697
0.592423
0.589004
0.227571
0.4686
0.8834
0.0
4.473383
11.360113
-0.741826
0.490888
0.120121
0.4686
0.8834
0.0
4.473383
11.360113
0.592423
0.991706
0.880506
0.0
0.0
1.0
2.902032
12.193697
0.592423
0.998894
0.77343
0.0
0.0
1.0
4.473383
11.191998
0.592423
0.990279
0.880504
0.0
0.0
1.0
2.902032
12.025581
0.592423
0.687196
0.272554
-0.4686
-0.8834
0.0
2.902032
12.025581
-0.741826
0.589108
0.272545
-0.4686
-0.8834
0.0
4.473383
11.191998
0.592423
0.687158
0.380187
-0.4686
-0.8834
0.0
6.226781
12.221045
-0.741826
0.318381
0.409267
1.0
0.0
0.0
6.226781
12.221045
0.592423
0.318392
0.499937
1.0
0.0
0.0
6.226781
12.052929
-0.741826
0.319809
0.409286
1.0
0.0
0.0
4.473383
11.360113
-0.741826
0.490888
0.120121
-0.4407
0.8976
0.0
4.473383
11.360113
0.592423
0.588977
0.120124
-0.4407
0.8976
0.0
6.226781
12.221045
-0.741826
0.490915
5.9e-05
-0.4407
0.8976
0.0
4.473383
11.360113
0.592423
0.991706
0.880506
0.0
0.0
1.0
4.473383
11.191998
0.592423
0.990279
0.880504
0.0
0.0
1.0
6.226781
12.221045
0.592423
0.998894
1.0
0.0
0.0
1.0
4.473383
11.191998
0.592423
0.687158
0.380187
0.4407
-0.8976
0.0
4.473383
11.191998
-0.741826
0.58907
0.380177
0.4407
-0.8976
0.0
6.226781
12.052929
0.592423
0.687196
0.500034
0.4407
-0.8976
0.0
4.073056
11.154037
-5.793363
0.294489
0.499939
-0.3116
-0.8701
0.382
5.106869
11.154037
-4.949889
0.196405
0.499953
-0.3116
-0.8701
0.382
3.229581
11.910002
-4.75955
0.294556
0.591326
-0.3116
-0.8701
0.382
4.073056
11.322152
-5.793363
0.319809
0.409286
0.6322
0.0
-0.7748
5.106869
11.322152
-4.949889
0.319809
0.340823
0.6322
0.0
-0.7748
4.073056
11.154037
-5.793363
0.318381
0.409267
0.6322
0.0
-0.7748
4.073056
11.322152
-5.793363
0.589108
0.500025
0.3116
0.8701
-0.382
3.229581
12.078117
-4.75955
0.589144
0.591312
0.3116
0.8701
-0.382
5.106869
11.322152
-4.949889
0.687196
0.500034
0.3116
0.8701
-0.382
3.229581
11.910002
-4.75955
0.322644
0.342672
-0.7748
0.0
-0.6322
3.229581
12.078117
-4.75955
0.321223
0.342552
-0.7748
0.0
-0.6322
4.073056
11.154037
-5.793363
0.322644
0.408933
-0.7748
0.0
-0.6322
5.106869
11.322152
-4.949889
0.094879
0.418323
0.7748
0.0
0.6322
4.263394
12.078117
-3.916075
0.094879
0.340325
0.7748
0.0
0.6322
5.106869
11.154037
-4.949889
0.093478
0.418523
0.7748
0.0
0.6322
3.421144
11.388859
-2.883762
0.687158
0.682515
-0.2905
0.8882
0.356
4.263394
12.078117
-3.916075
0.687227
0.591318
-0.2905
0.8882
0.356
2.38733
11.388859
-3.727236
0.589075
0.68251
-0.2905
0.8882
0.356
3.229581
11.910002
-4.75955
0.294556
0.591326
0.2905
-0.8882
-0.356
4.263394
11.910002
-3.916075
0.196472
0.591341
0.2905
-0.8882
-0.356
2.38733
11.220743
-3.727236
0.294493
0.682405
0.2905
-0.8882
-0.356
3.421144
11.388859
-2.883762
0.687158
0.682515
0.33
0.8529
-0.4045
2.38733
11.388859
-3.727236
0.589075
0.68251
0.33
0.8529
-0.4045
2.589772
12.193697
-1.864781
0.687236
0.772482
0.33
0.8529
-0.4045
1.555958
12.025581
-2.708256
0.294565
0.772489
-0.33
-0.8529
0.4045
2.38733
11.220743
-3.727236
0.294493
0.682405
-0.33
-0.8529
0.4045
2.589772
12.025581
-1.864781
0.196481
0.772503
-0.33
-0.8529
0.4045
2.589772
12.193697
-1.864781
0.687236
0.772482
-0.2963
0.8834
0.3631
1.555958
12.193697
-2.708256
0.589153
0.772476
-0.2963
0.8834
0.3631
1.596408
11.360113
-0.647254
0.687153
0.880042
-0.2963
0.8834
0.3631
1.555958
12.025581
-2.708256
0.294565
0.772489
0.2963
-0.8834
-0.3631
2.589772
12.025581
-1.864781
0.196481
0.772503
0.2963
-0.8834
-0.3631
0.562594
11.191998
-1.490728
0.294488
0.879905
0.2963
-0.8834
-0.3631
0.487959
12.221045
0.711328
0.094879
0.34234
-0.6322
0.0
0.7748
-0.545855
12.221045
-0.132147
0.094879
0.418064
-0.6322
0.0
0.7748
0.487959
12.052929
0.711328
0.096306
0.34234
-0.6322
0.0
0.7748
0.487959
12.221045
0.711328
0.687236
1.0
0.2786
0.8976
-0.3415
1.596408
11.360113
-0.647254
0.687153
0.880042
0.2786
0.8976
-0.3415
-0.545855
12.221045
-0.132147
0.589153
0.999994
0.2786
0.8976
-0.3415
0.562594
11.191998
-1.490728
0.294488
0.879905
-0.2786
-0.8976
0.3415
1.596408
11.191998
-0.647254
0.196404
0.87992
-0.2786
-0.8976
0.3415
-0.545855
12.052929
-0.132147
0.294565
0.999986
-0.2786
-0.8976
0.3415
-0.021729
11.910002
-5.514316
0.098184
0.591302
-0.0719
-0.8701
0.4877
0.172886
11.154037
-6.834295
0.098076
0.499952
-0.0719
-0.8701
0.4877
1.29825
11.910002
-5.319702
0.000109
0.591313
-0.0719
-0.8701
0.4877
0.172886
11.322152
-6.834295
0.31554
0.410214
0.1459
0.0
-0.9893
1.492865
11.322152
-6.639681
0.31554
0.499956
0.1459
0.0
-0.9893
0.172886
11.154037
-6.834295
0.316968
0.410214
0.1459
0.0
-0.9893
0.172886
11.322152
-6.834295
0.294565
0.499989
0.0719
0.8701
-0.4877
-0.021729
12.078117
-5.514316
0.294556
0.591326
0.0719
0.8701
-0.4877
1.492865
11.322152
-6.639681
0.392648
0.499988
0.0719
0.8701
-0.4877
-0.021729
11.910002
-5.514316
0.089181
0.410659
-0.9893
0.0
-0.1459
-0.021729
12.078117
-5.514316
0.087759
0.410659
-0.9893
0.0
-0.1459
0.172886
11.154037
-6.834295
0.089183
0.499952
-0.9893
0.0
-0.1459
1.492865
11.322152
-6.639681
0.321223
0.499866
0.9893
0.0
0.1459
1.29825
12.078117
-5.319702
0.321223
0.408382
0.9893
0.0
0.1459
1.492865
11.154037
-6.639681
0.319809
0.499956
0.9893
0.0
0.1459
1.103919
11.388859
-4.001637
0.392652
0.682469
-0.067
0.8882
0.4546
1.29825
12.078117
-5.319702
0.392725
0.591306
-0.067
0.8882
0.4546
-0.216061
11.388859
-4.196252
0.29457
0.68247
-0.067
0.8882
0.4546
-0.216061
11.220743
-4.196252
0.098083
0.68243
0.067
-0.8882
-0.4546
-0.021729
11.910002
-5.514316
0.098184
0.591302
0.067
-0.8882
-0.4546
1.103919
11.220743
-4.001637
8e-06
0.682441
0.067
-0.8882
-0.4546
1.103919
11.388859
-4.001637
0.392652
0.682469
0.0761
0.8529
-0.5164
-0.216061
11.388859
-4.196252
0.29457
0.68247
0.0761
0.8529
-0.5164
0.912097
12.193697
-2.700597
0.392734
0.772478
0.0761
0.8529
-0.5164
-0.216061
11.220743
-4.196252
0.098083
0.68243
-0.0761
-0.8529
0.5164
1.103919
11.220743
-4.001637
8e-06
0.682441
-0.0761
-0.8529
0.5164
-0.407883
12.025581
-2.895212
0.098198
0.772473
-0.0761
-0.8529
0.5164
0.912097
12.193697
-2.700597
0.392734
0.772478
-0.0684
0.8834
0.4636
-0.407883
12.193697
-2.895212
0.294652
0.772479
-0.0684
0.8834
0.4636
0.682899
11.360113
-1.146051
0.392647
0.879995
-0.0684
0.8834
0.4636
-0.637081
11.191998
-1.340665
0.098075
0.87995
0.0684
-0.8834
-0.4636
-0.407883
12.025581
-2.895212
0.098198
0.772473
0.0684
-0.8834
-0.4636
0.682899
11.191998
-1.146051
0.0
0.879961
0.0684
-0.8834
-0.4636
0.427148
12.221045
0.588594
0.324078
0.499956
-0.1459
0.0
0.9893
-0.892832
12.221045
0.39398
0.324078
0.408788
-0.1459
0.0
0.9893
0.427148
12.052929
0.588594
0.32265
0.499956
-0.1459
0.0
0.9893
0.682899
11.360113
-1.146051
0.392647
0.879995
0.0643
0.8976
-0.436
-0.637081
11.360113
-1.340665
0.294565
0.879997
0.0643
0.8976
-0.436
0.427148
12.221045
0.588594
0.392734
0.999999
0.0643
0.8976
-0.436
-0.892832
12.052929
0.39398
0.098198
0.999989
-0.0643
-0.8976
0.436
-0.637081
11.191998
-1.340665
0.098075
0.87995
-0.0643
-0.8976
0.436
0.427148
12.052929
0.588594
0.000123
1.0
-0.0643
-0.8976
0.436
-5.815524
11.154037
-3.166258
0.588977
0.500109
0.4116
-0.8701
0.2713
-5.081264
11.154037
-4.280295
0.490888
0.500105
0.4116
-0.8701
0.2713
-4.701487
11.910002
-2.431996
0.589059
0.591353
0.4116
-0.8701
0.2713
-5.815524
11.322152
-3.166258
0.31554
0.338163
-0.835
0.0
-0.5503
-5.081264
11.322152
-4.280295
0.31554
0.410214
-0.835
0.0
-0.5503
-5.815524
11.154037
-3.166258
0.316968
0.338163
-0.835
0.0
-0.5503
-5.815524
11.322152
-3.166258
0.78538
2.99999999998e-06
-0.4116
0.8701
-0.2713
-4.701487
12.078117
-2.431996
0.785401
0.091374
-0.4116
0.8701
-0.2713
-5.081264
11.322152
-4.280295
0.883469
0.0
-0.4116
0.8701
-0.2713
-4.701487
11.910002
-2.431996
0.098198
0.419223
-0.5503
0.0
0.835
-4.701487
12.078117
-2.431996
0.096774
0.419124
-0.5503
0.0
0.835
-5.815524
11.154037
-3.166258
0.098198
0.499952
-0.5503
0.0
0.835
-5.081264
11.322152
-4.280295
0.093447
0.413735
0.5503
0.0
-0.835
-3.967226
12.078117
-3.546034
0.093447
0.339275
0.5503
0.0
-0.835
-5.081264
11.154037
-4.280295
0.092024
0.413842
0.5503
0.0
-0.835
-3.967226
12.078117
-3.546034
0.88349
0.091371
0.3837
0.8882
0.2529
-4.701487
12.078117
-2.431996
0.785401
0.091374
0.3837
0.8882
0.2529
-2.854804
11.388859
-2.812838
0.88347
0.182473
0.3837
0.8882
0.2529
-3.589065
11.220743
-1.6988
0.588974
0.682586
-0.3837
-0.8882
-0.2529
-4.701487
11.910002
-2.431996
0.589059
0.591353
-0.3837
-0.8882
-0.2529
-2.854804
11.220743
-2.812838
0.490894
0.682569
-0.3837
-0.8882
-0.2529
-1.75675
12.193697
-2.089112
0.883493
0.272539
-0.4358
0.8529
-0.2873
-2.854804
11.388859
-2.812838
0.88347
0.182473
-0.4358
0.8529
-0.2873
-2.491011
12.193697
-0.975074
0.785404
0.272542
-0.4358
0.8529
-0.2873
-3.589065
11.220743
-1.6988
0.588974
0.682586
0.4358
-0.8529
0.2873
-2.854804
11.220743
-2.812838
0.490894
0.682569
0.4358
-0.8529
0.2873
-2.491011
12.025581
-0.975074
0.58907
0.772498
0.4358
-0.8529
0.2873
-0.444742
11.360113
-1.224369
0.883469
0.379984
0.3913
0.8834
0.2579
-1.75675
12.193697
-2.089112
0.883493
0.272539
0.3913
0.8834
0.2579
-1.179003
11.360113
-0.110331
0.78538
0.379987
0.3913
0.8834
0.2579
-2.491011
12.025581
-0.975074
0.58907
0.772498
-0.3913
-0.8834
-0.2579
-1.75675
12.025581
-2.089112
0.490991
0.772481
-0.3913
-0.8834
-0.2579
-1.179003
11.191998
-0.110331
0.588967
0.880102
-0.3913
-0.8834
-0.2579
1.019267
12.221045
-0.259442
0.094879
0.418064
0.835
0.0
0.5503
0.285005
12.221045
0.854596
0.094879
0.499952
0.835
0.0
0.5503
1.019267
12.052929
-0.259442
0.096306
0.418064
0.835
0.0
0.5503
-0.444742
11.360113
-1.224369
0.883469
0.379984
-0.368
0.8976
-0.2425
-1.179003
11.360113
-0.110331
0.78538
0.379987
-0.368
0.8976
-0.2425
1.019267
12.221045
-0.259442
0.883493
0.500046
-0.368
0.8976
-0.2425
-1.179003
11.191998
-0.110331
0.588967
0.880102
0.368
-0.8976
0.2425
-0.444742
11.191998
-1.224369
0.490888
0.880085
0.368
-0.8976
0.2425
0.285005
12.052929
0.854596
0.58907
1.0
0.368
-0.8976
0.2425
-0.029208
11.154037
-1.024948
0.785322
0.499942
-0.3677
-0.8701
0.3283
0.859485
11.154037
-0.029738
0.687196
0.500034
-0.3677
-0.8701
0.3283
-1.024419
11.910002
-0.136255
0.785374
0.591337
-0.3677
-0.8701
0.3283
-0.029208
11.322152
-1.024948
0.372536
0.499905
0.7459
0.0
-0.6661
0.859485
11.322152
-0.029738
0.361177
0.439861
0.7459
0.0
-0.6661
-0.029208
11.154037
-1.024948
0.37112
0.499956
0.7459
0.0
-0.6661
-0.029208
11.322152
-1.024948
0.785404
0.50005
0.3677
0.8701
-0.3283
-1.024419
12.078117
-0.136255
0.785374
0.591337
0.3677
0.8701
-0.3283
0.859485
11.322152
-0.029738
0.883465
0.500057
0.3677
0.8701
-0.3283
-1.024419
11.910002
-0.136255
0.089181
0.339983
-0.6661
0.0
-0.7459
-1.024419
12.078117
-0.136255
0.087759
0.339871
-0.6661
0.0
-0.7459
-0.029208
11.154037
-1.024948
0.089181
0.410659
-0.6661
0.0
-0.7459
0.859485
11.322152
-0.029738
0.361177
0.439861
0.6661
0.0
0.7459
-0.135726
12.078117
0.858956
0.372536
0.370935
0.6661
0.0
0.7459
0.859485
11.154037
-0.029738
0.359761
0.439911
0.6661
0.0
0.7459
-1.129492
11.388859
1.74636
0.883469
0.68253
-0.3427
0.8882
0.3061
-0.135726
12.078117
0.858956
0.883532
0.591324
-0.3427
0.8882
0.3061
-2.018186
11.388859
0.75115
0.785385
0.682523
-0.3427
0.8882
0.3061
-1.024419
11.910002
-0.136255
0.785374
0.591337
0.3427
-0.8882
-0.306
-0.135726
11.910002
0.858956
0.687287
0.591348
0.3427
-0.8882
-0.306
-2.018186
11.220743
0.75115
0.785326
0.682405
0.3427
-0.8882
-0.306
-2.110424
12.193697
2.622303
0.883541
0.772484
0.3894
0.8529
-0.3477
-1.129492
11.388859
1.74636
0.883469
0.68253
0.3894
0.8529
-0.3477
-2.999117
12.193697
1.627092
0.785457
0.772477
0.3894
0.8529
-0.3477
-2.018186
11.220743
0.75115
0.785326
0.682405
-0.3894
-0.8529
0.3477
-1.129492
11.220743
1.74636
0.687239
0.682417
-0.3894
-0.8529
0.3477
-2.999117
12.025581
1.627092
0.78538
0.772496
-0.3894
-0.8529
0.3477
-3.282488
11.360113
3.668921
0.883464
0.880055
-0.3495
0.8834
0.3121
-2.110424
12.193697
2.622303
0.883541
0.772484
-0.3495
0.8834
0.3121
-4.171182
11.360113
2.673711
0.78538
0.880048
-0.3495
0.8834
0.3121
-4.171182
11.191998
2.673711
0.785322
0.879901
0.3495
-0.8834
-0.3121
-2.999117
12.025581
1.627092
0.78538
0.772496
0.3495
-0.8834
-0.3121
-3.282488
11.191998
3.668921
0.687236
0.879912
0.3495
-0.8834
-0.3121
-4.59034
12.221045
4.836794
0.089183
0.337814
-0.7459
0.0
0.6661
-5.479034
12.221045
3.841584
0.089183
0.410489
-0.7459
0.0
0.6661
-4.59034
12.052929
4.836794
0.090611
0.337814
-0.7459
0.0
0.6661
-4.59034
12.221045
4.836794
0.883541
0.999995
0.3287
0.8976
-0.2936
-3.282488
11.360113
3.668921
0.883464
0.880055
0.3287
0.8976
-0.2936
-5.479034
12.221045
3.841584
0.785457
0.999993
0.3287
0.8976
-0.2936
-4.171182
11.191998
2.673711
0.785322
0.879901
-0.3287
-0.8976
0.2936
-3.282488
11.191998
3.668921
0.687236
0.879912
-0.3287
-0.8976
0.2936
-5.479034
12.052929
3.841584
0.78538
0.999988
-0.3287
-0.8976
0.2936
-0.934692
11.154037
-0.38951
0.196313
0.500011
0.1819
-0.8701
0.4582
0.305382
11.154037
-0.881889
0.098198
0.499952
0.1819
-0.8701
0.4582
-0.442314
11.910002
0.850564
0.196389
0.591312
0.1819
-0.8701
0.4582
-0.934692
11.322152
-0.38951
0.092024
0.413842
-0.369
0.0
-0.9294
0.305382
11.322152
-0.881889
0.092024
0.499952
-0.369
0.0
-0.9294
-0.934692
11.154037
-0.38951
0.093451
0.413842
-0.369
0.0
-0.9294
-0.934692
11.322152
-0.38951
0.392735
0.499962
-0.1819
0.8701
-0.4582
-0.442314
12.078117
0.850564
0.392795
0.591313
-0.1819
0.8701
-0.4582
0.305382
11.322152
-0.881889
0.49082
0.499956
-0.1819
0.8701
-0.4582
-0.442314
11.910002
0.850564
0.092024
0.4125
-0.9294
0.0
0.369
-0.442314
12.078117
0.850564
0.0906
0.412409
-0.9294
0.0
0.369
-0.934692
11.154037
-0.38951
0.092024
0.499952
-0.9294
0.0
0.369
0.305382
11.322152
-0.881889
0.096774
0.338858
0.9294
0.0
-0.369
0.79776
12.078117
0.358186
0.096774
0.419124
0.9294
0.0
-0.369
0.305382
11.154037
-0.881889
0.098191
0.338846
0.9294
0.0
-0.369
1.289424
11.388859
1.596461
0.490824
0.682434
0.1696
0.8882
0.4271
0.79776
12.078117
0.358186
0.49088
0.591307
0.1696
0.8882
0.4271
0.04935
11.388859
2.08884
0.392739
0.682441
0.1696
0.8882
0.4271
-0.442314
11.910002
0.850564
0.196389
0.591312
-0.1696
-0.8882
-0.4271
0.79776
11.910002
0.358186
0.098317
0.591307
-0.1696
-0.8882
-0.4271
0.04935
11.220743
2.08884
0.196278
0.682495
-0.1696
-0.8882
-0.4271
1.774738
12.193697
2.818743
0.490888
0.772478
-0.1926
0.8529
-0.4852
1.289424
11.388859
1.596461
0.490824
0.682434
-0.1926
0.8529
-0.4852
0.534663
12.193697
3.311121
0.392803
0.772484
-0.1926
0.8529
-0.4852
0.04935
11.220743
2.08884
0.196278
0.682495
0.1926
-0.8529
0.4852
1.289424
11.220743
1.596461
0.098206
0.68249
0.1926
-0.8529
0.4852
0.534663
12.025581
3.311121
0.196404
0.772479
0.1926
-0.8529
0.4852
1.774738
12.193697
2.818743
0.490888
0.772478
0.1729
0.8834
0.4356
0.534663
12.193697
3.311121
0.392803
0.772484
0.1729
0.8834
0.4356
2.354614
11.360113
4.279184
0.490819
0.879954
0.1729
0.8834
0.4356
0.534663
12.025581
3.311121
0.196404
0.772479
-0.1729
-0.8834
-0.4356
1.774738
12.025581
2.818743
0.098332
0.772475
-0.1729
-0.8834
-0.4356
1.11454
11.191998
4.771563
0.19627
0.880023
-0.1729
-0.8834
-0.4356
3.001672
12.221045
5.908823
0.093478
0.418523
0.369
0.0
0.9294
1.761597
12.221045
6.401202
0.093451
0.499952
0.369
0.0
0.9294
3.001672
12.052929
5.908823
0.094879
0.418523
0.369
0.0
0.9294
2.354614
11.360113
4.279184
0.490819
0.879954
-0.1626
0.8976
-0.4096
1.11454
11.360113
4.771563
0.392734
0.87996
-0.1626
0.8976
-0.4096
3.001672
12.221045
5.908823
0.490888
0.999994
-0.1626
0.8976
-0.4096
1.761597
12.052929
6.401202
0.196404
1.0
0.1626
-0.8976
0.4096
1.11454
11.191998
4.771563
0.19627
0.880023
0.1626
-0.8976
0.4096
3.001672
12.052929
5.908823
0.098332
0.999995
0.1626
-0.8976
0.4096
-6.77844
11.154037
1.093914
0.196287
0.00023
0.4912
-0.8701
-0.0422
-6.892581
11.154037
-0.235444
0.098198
0.000223
0.4912
-0.8701
-0.0422
-5.449082
11.910002
0.979775
0.19631
0.09141
0.4912
-0.8701
-0.0422
-6.77844
11.322152
1.093914
0.325505
0.499956
-0.9963
0.0
0.0855
-6.892581
11.322152
-0.235444
0.325505
0.408652
-0.9963
0.0
0.0855
-6.77844
11.154037
1.093914
0.324078
0.499956
-0.9963
0.0
0.0855
-6.77844
11.322152
1.093914
0.981629
1.0
-0.4912
0.8701
0.0422
-5.449082
12.078117
0.979775
0.98166
0.908632
-0.4912
0.8701
0.0422
-6.892581
11.322152
-0.235444
0.883541
0.999995
-0.4912
0.8701
0.0422
-5.449082
11.910002
0.979775
0.318392
0.40988
0.0855
0.0
0.9963
-5.449082
12.078117
0.979775
0.316968
0.409792
0.0855
0.0
0.9963
-6.77844
11.154037
1.093914
0.318392
0.499956
0.0855
0.0
0.9963
-6.892581
11.322152
-0.235444
0.328351
0.49985
-0.0855
0.0
-0.9963
-5.563221
12.078117
-0.349583
0.326928
0.408457
-0.0855
0.0
-0.9963
-6.892581
11.154037
-0.235444
0.326928
0.499956
-0.0855
0.0
-0.9963
-4.235792
11.388859
-0.463557
0.883543
0.817521
0.4578
0.8882
-0.0393
-5.563221
12.078117
-0.349583
0.883571
0.908627
0.4578
0.8882
-0.0393
-4.121653
11.388859
0.865801
0.981631
0.817526
0.4578
0.8882
-0.0393
-5.449082
11.910002
0.979775
0.19631
0.09141
-0.4578
-0.8882
0.0393
-5.563221
11.910002
-0.349583
0.098221
0.091404
-0.4578
-0.8882
0.0393
-4.121653
11.220743
0.865801
0.196288
0.182669
-0.4578
-0.8882
0.0393
-4.235792
11.388859
-0.463557
0.883543
0.817521
-0.5201
0.8529
0.0447
-4.121653
11.388859
0.865801
0.981631
0.817526
-0.5201
0.8529
0.0447
-2.925508
12.193697
-0.576059
0.883575
0.727459
-0.5201
0.8529
0.0447
-4.121653
11.220743
0.865801
0.196288
0.182669
0.5201
-0.8529
-0.0447
-4.235792
11.220743
-0.463557
0.098199
0.182662
0.5201
-0.8529
-0.0447
-2.811368
12.025581
0.753299
0.196313
0.272533
0.5201
-0.8529
-0.0447
-1.359917
11.360113
-0.710481
0.883541
0.620009
0.4669
0.8834
-0.0401
-2.925508
12.193697
-0.576059
0.883575
0.727459
0.4669
0.8834
-0.0401
-1.245776
11.360113
0.618877
0.981629
0.620014
0.4669
0.8834
-0.0401
-2.811368
12.025581
0.753299
0.196313
0.272533
-0.4669
-0.8834
0.0401
-2.925508
12.025581
-0.576059
0.098224
0.272526
-0.4669
-0.8834
0.0401
-1.245776
11.191998
0.618877
0.196286
0.380167
-0.4669
-0.8834
0.0401
0.387055
12.221045
-0.860478
0.0906
0.499952
0.9963
0.0
-0.0855
0.501195
12.221045
0.468881
0.090611
0.410489
0.9963
0.0
-0.0855
0.387055
12.052929
-0.860478
0.089183
0.499919
0.9963
0.0
-0.0855
-1.359917
11.360113
-0.710481
0.883541
0.620009
-0.4391
0.8976
0.0377
-1.245776
11.360113
0.618877
0.981629
0.620014
-0.4391
0.8976
0.0377
0.387055
12.221045
-0.860478
0.883575
0.49995
-0.4391
0.8976
0.0377
-1.245776
11.191998
0.618877
0.196286
0.380167
0.4391
-0.8976
-0.0377
-1.359917
11.191998
-0.710481
0.098198
0.380161
0.4391
-0.8976
-0.0377
0.501195
12.052929
0.468881
0.196313
0.500011
0.4391
-0.8976
-0.0377
